RA        0.0   2006.063        0.0     2000.0
HI
10-FEB-1988 14:08 TOM          ISTART    Create       00:00:17 00:00:00 00000001
MH 0 2
            0            0            0        10000            0            0
            0            0            0            0            0            0
            0            0            0            0            0            0
            0            0            0            0            0            0
          200        10000        10000        32183            0            0
            0            0            0            0            0            0
            0            0            0            0            0            0
            0            0            0            0            0            0
            0            0            0            0            0            0
            0            0            0            0            0            0
            0            0            0            0            0            0
            0            0            0            0            0            0
            0            0            0            0            0            0
            0            0            0            0            0            0
            0            0            0            0            0            0
            0            0            0            0            0            0
            0            0            0            0            0            0
            0            0            0            0            0            0
            0            0            0            0            0            0
            0            0            0            0            0            0
            0            0            0            0            0            0
            0            0            0            0            0            0
            0            0            0            0            0            0
            0            0            0            0            0            0
            0            0            0            0            0            0
            0            0            0            0            0            0
            0            0            0            0            0            0
            0            0            0            0            0            0
            0            0            0            0            0            0
!MD LO  0.000000000000000  0.000000000000000
!   SC   10000.0000000000
!   PR   0
!   UN   0
!   SP   0
MD            2            0            0            0
              0   1073760028            0            0            0            0
              0            0            0            0            0            0
              0            0            0            0            0            0
              0            0            0            0            0            0
              0            0            0            0            0            0
              0            0            0            0            0            0
              0            0            0            0            0            0
              0            0            0            0            0            0
              0            0            0            0            0            0
              0            0            0            0            0            0
              0            0            0            0            0            0
              0            0            0            0            0            0
              0            0            0            0            0            0
              0            0            0            0            0            0
              0            0            0            0            0            0
              0            0            0            0            0            0
NS Template created by ISTART in OS mode
CC   .00000000E 000  .00000000E 000
     .10000000E 001  .00000000E 000
     .00000000E 000  .10000000E 001
     .00000000E 000  .00000000E 000
     .00000000E 000  .00000000E 000
     .00000000E 000  .00000000E 000
     .00000000E 000  .00000000E 000
     .00000000E 000  .00000000E 000
     .00000000E 000  .00000000E 000
     .00000000E 000  .00000000E 000
CP        0.0     2000.0        0.0     2000.0
          0.0        0.0        0.0        0.0
       2000.0        0.0     2000.0        0.0
       2000.0     2000.0     2000.0     2000.0
NO 1 0
NF 1 1
FS 4 0 0 0
AC 3 55.0
TH 0
ST 7 0
   1668.999        0.0
   1659.354   24.17387
   1641.607     48.241
   1591.481   113.4473
   1572.944   132.4113
    1566.12   144.7995
   1556.794   158.3825
EF
NF 2 2
FS 8 0 16384 0
AC 3 56.0
TH 0
ST 1 0
   546.1958    768.777
RO 0.808648
EF
NF 3 3
FS 11 0 -32768 0
AC 3 57.0
TH 0
ST 1 0
   357.9413   321.0232
RO 0.0
TX ANYTOWN
EF
NF 4 4
FS 11 0 -32768 0
AC 3 58.0
TH 0
ST 1 0
   1433.152   429.6465
RO 5.705895
TX Coast Road
EF
EO
EM
EJ
