RA      100.0      338.0      100.0      900.0
MH 174 0
            0            0            0            0            0            0
            0            0            0            0            0            0
            0            0            0            0            0            0
            0            0            0            0            0            0
            0            0            0            0            0            0
            0            0            0            0            0            0
            0            0            0            0            0            0
            0            0            0            0            0            0
            0            0            0            0            0            0
            0            0            0            0            0            0
            0            0            0            0            0            0
            0            0            0            0            0            0
            0            0            0            0            0            0
            0            0            0            0            0            0
            0            0            0            0            0            0
            0            0            0            0            0            0
            0            0            0            0            0            0
            0            0            0            0            0            0
            0            0            0            0            0            0
            0            0            0            0            0            0
            0            0            0            0            0            0
            0            0            0            0            0            0
            0            0            0            0            0            0
            0            0            0            0            0            0
            0            0            0            0            0            0
            0            0            0            0            0            0
            0            0            0            0            0            0
            0            0            0            0            0            0
            0            0            0            0            0            0
!MD LO  0.000000000000000  0.000000000000000
!   SC  0.000000000000000
!   PR   0
!   UN   0
!   SP   0
LO 20000 30000
SC 50000
MD            2            0            0            0
              0            0            0            0            0            0
              0            0            0            0            0            0
              0            0            0            0            0            0
              0            0            0            0            0            0
              0            0            0            0            0            0
              0            0            0            0            0            0
              0            0            0            0            0            0
              0            0            0            0            0            0
              0            0            0            0            0            0
              0            0            0            0            0            0
              0            0            0            0            0            0
              0            0            0            0            0            0
              0            0            0            0            0            0
              0            0            0            0            0            0
              0            0            0            0            0            0
              0            0            0            0            0            0
NS created by IFROMTEXT at 16:44:44 on  6-AUG-90
CC   .00000000E 000  .00000000E 000
     .10000000E 001  .00000000E 000
     .00000000E 000  .10000000E 001
     .00000000E 000  .00000000E 000
     .00000000E 000  .00000000E 000
     .00000000E 000  .00000000E 000
     .00000000E 000  .00000000E 000
     .00000000E 000  .00000000E 000
     .00000000E 000  .00000000E 000
     .00000000E 000  .00000000E 000
CP        0.0     1000.0        0.0     1000.0
          0.0        0.0        0.0        0.0
       1000.0        0.0     1000.0        0.0
       1000.0     1000.0     1000.0     1000.0
NO 1 0
!***************************************************************************
NF 2 6
FS 102 0 0 0
AC 2 25
CB FL 0
   GT 1
   NR 50
   NC 2
   NA 0
   HC 91 92
   DA 	100.0 100.0
	200.0 100.0
	300.0 100.0
	400.0 100.0
	500.0 100.0
	600.0 100.0
	700.0 100.0
	800.0 100.0
	900.0 100.0
	1000.0 100.0
	1100.0 100.0
	1200.0 100.0
	1300.0 100.0
	1400.0 100.0
	1500.0 100.0
	1600.0 100.0
	1700.0 100.0
	1800.0 100.0
	1900.0 100.0
	2000.0 100.0
	2100.0 100.0
	2200.0 100.0
	2300.0 100.0
	2400.0 100.0
	2500.0 100.0
	2600.0 100.0
	2700.0 100.0
	2800.0 100.0
	2900.0 100.0
	3000.0 100.0
	3100.0 100.0
	3200.0 100.0
	3300.0 100.0
	3400.0 100.0
	3500.0 100.0
	3600.0 100.0
	3700.0 100.0
	3800.0 100.0
	3900.0 100.0
	4000.0 100.0
	4100.0 100.0
	4200.0 100.0
	4300.0 100.0
	4400.0 100.0
	4500.0 100.0
	4600.0 100.0
	4700.0 100.0
	4800.0 100.0
	4900.0 100.0
	5000.0 100.0
EF
!***************************************************************************
EO
EM
EJ
