RA        0.0   4.881139   0.178829        5.0
HI
19-APR-1993 12:53 BUREAU       DCW2I     Create       00:00:15 00:00:09 00000001
27-MAY-1993 14:46 PAULL        ISELECT   Create       00:00:20 00:00:01 00000001
MH 0 0
            0            0            0            0            0            0
            0            0            0            0            0            0
            0            0            0            0            0            0
            0            0            0            0            0            0
            0            0            0            0            0            0
            0            0            0            0            0            0
            0            0            0            0            0            0
            0            0            0            0            0            0
            0            0            0            0            0            0
            0            0            0            0            0            0
            0            0            0            0            0            0
            0            0            0            0            0            0
            0            0            0            0            0            0
            0            0            0            0            0            0
            0            0            0            0            0            0
            0            0            0            0            0            0
            0            0            0            0            0            0
            0            0            0            0            0            0
            0            0            0            0            0            0
            0            0            0            0            0            0
            0            0            0            0            0            0
            0            0            0            0            0            0
            0            0            0            0            0            0
            0            0            0            0            0            0
            0            0            0            0            0            0
            0            0            0            0            0            0
            0            0            0            0            0            0
            0            0            0            0            0            0
            0            0            0            0            0            0
!MD LO  -10.0000000000000   50.0000000000000
!   SC   1000000.00000000
!   PR 100
!   UN   4
!   SP  22
!   PA   0.000000000000000  0.000000000000000  0.000000000000000
!        0.000000000000000  0.000000000000000  0.000000000000000
!        0.000000000000000  0.000000000000000  0.000000000000000
!        0.000000000000000  0.000000000000000  0.000000000000000
!        0.000000000000000  0.000000000000000  0.000000000000000
MD            2        49696            0        17224
              0    603998836            0          100            4           22
              0            0            0            0            0            0
              0            0            0            0            0            0
              0            0            0            0            0            0
              0            0            0            0            0            0
              0            0            0            0            0            0
              0            0            0            0            0            0
              0            0            0            0            0            0
              0            0            0            0            0            0
              0            0            0            0            0            0
              0            0            0            0            0            0
              0            0            0            0            0            0
              0            0            0            0            0            0
              0            0            0            0            0            0
              0            0            0            0            0            0
              0            0            0            0            0            0
NS Created by DCW2I on 19-Apr-93 at 12:53:29
CC   .00000000E 000  .00000000E 000
     .00000000E 000  .00000000E 000
     .00000000E 000  .00000000E 000
     .00000000E 000  .00000000E 000
     .00000000E 000  .00000000E 000
     .00000000E 000  .00000000E 000
     .00000000E 000  .00000000E 000
     .00000000E 000  .00000000E 000
     .00000000E 000  .00000000E 000
     .00000000E 000  .00000000E 000
CP        0.0        5.0        0.0        5.0
          0.0        0.0        0.0        0.0
          5.0        0.0        5.0        0.0
          5.0        5.0        5.0        5.0
NO 1 0
NF 1 124
FS 1032 0 0 0
ST 200 0
   2.079399   3.742394
   2.076303    3.74688
     2.0767   3.751457
   2.089926   3.759602
   2.068745   3.773148
   2.059314   3.775158
   2.042783   3.769653
   2.036267   3.764442
   2.035105   3.759842
   2.037717   3.756264
   2.050994   3.754368
   2.059763   3.750969
   2.064324   3.742424
   2.075585   3.738693
   2.071536   3.736954
   2.063793   3.736141
   2.069202   3.734413
   2.085046   3.736828
   2.081929    3.74115
   2.081097   3.748455
   2.090822   3.751957
   2.093779   3.755631
   2.111494   3.759754
    2.11331   3.765305
   2.121774    3.76675
   2.119836   3.770103
   2.130076   3.768967
   2.133377   3.766319
   2.131363   3.753021
   2.122349   3.740437
   2.122242   3.732212
    2.12514   3.724987
   2.131957   3.716965
   2.135085   3.716019
   2.137489   3.715294
   2.140419   3.717201
   2.142727   3.726856
   2.159146   3.733715
   2.171169   3.737705
   2.187579   3.737637
   2.181285   3.736065
   2.180708   3.733765
   2.188654   3.721897
   2.193117   3.721401
   2.191212   3.718655
   2.178252   3.706852
   2.153488   3.688805
   2.150671   3.669231
   2.150518   3.668171
   2.151943   3.659992
   2.157612   3.656498
   2.163358   3.661682
   2.163477   3.679497
   2.166667   3.687805
   2.172128   3.696636
   2.182975   3.705616
   2.194812    3.71188
   2.214382   3.717907
   2.222809   3.718594
   2.241736   3.713181
    2.24989    3.70747
   2.253747   3.697529
   2.253559     3.6968
   2.252563   3.692928
   2.246033   3.687729
   2.232444   3.684158
   2.223952    3.68438
   2.204712   3.693893
   2.196385   3.682243
    2.18206   3.668602
   2.177731   3.655235
   2.179656   3.640678
   2.182286   3.636642
   2.179792   3.629265
   2.173535   3.620869
   2.172854   3.612423
   2.172759   3.611259
   2.186599   3.601601
   2.195974   3.589989
   2.195386    3.55846
   2.206216   3.528168
   2.217707    3.50885
   2.224188   3.504463
   2.233516   3.502895
    2.24019   3.504322
   2.243327   3.504993
   2.248439   3.508331
   2.246931   3.517879
   2.235039   3.532619
   2.235812   3.537555
   2.239729   3.541427
   2.245057    3.54203
   2.252967   3.539051
   2.285852   3.510727
   2.293545   3.500431
   2.300817   3.495605
   2.314002   3.493679
   2.322214   3.496643
   2.320511   3.498882
   2.322497   3.503044
   2.322058    3.50507
   2.321317   3.508491
    2.32936   3.513733
   2.328042   3.521004
   2.320037   3.525352
   2.310707   3.526928
   2.295457     3.5256
   2.284419   3.529411
    2.28097    3.53434
   2.278667   3.544323
   2.280822   3.556255
   2.278207   3.560295
   2.250576   3.559994
   2.238865   3.562412
   2.228472   3.567604
    2.22064   3.575851
   2.220434   3.581402
   2.220395   3.582447
   2.226032   3.588997
   2.236487   3.592941
   2.247958   3.593712
   2.283668   3.589211
   2.302009   3.590622
   2.320559   3.589298
   2.331893   3.591885
   2.347179   3.603252
   2.365885   3.610146
   2.367983   3.612938
    2.36486   3.623814
   2.364517    3.63393
   2.364226   3.642521
   2.368117    3.65221
   2.386644   3.661831
   2.394814   3.676201
   2.394667   3.688526
   2.391953   3.693932
   2.377258    3.70496
   2.376148   3.709496
   2.378884   3.714134
   2.385501   3.718418
   2.398243    3.72332
   2.419656   3.725704
    2.43286   3.724297
   2.443747   3.723133
   2.455992   3.724361
    2.46814   3.726955
   2.495894   3.737709
   2.521168   3.740173
   2.526394   3.742588
   2.538737   3.753399
   2.544924   3.764053
   2.565431   3.779629
   2.573298   3.788498
   2.580973   3.789143
   2.582611   3.787815
   2.579217   3.783394
   2.576298   3.779591
   2.580352   3.776085
   2.574318   3.771763
   2.576342   3.766575
    2.58577   3.764824
   2.587652   3.765343
   2.585588   3.770985
   2.589488   3.774765
   2.595326   3.774269
   2.600039   3.777618
     2.5986   3.784882
    2.59659   3.785225
   2.598058   3.787739
   2.620105   3.790936
   2.620365   3.787636
   2.626069   3.784393
   2.641048   3.785328
   2.653681   3.782307
   2.659699   3.784096
   2.661722   3.787357
    2.68584    3.77982
   2.687567   3.777123
   2.685041   3.768845
   2.680604   3.765999
   2.667893   3.764664
   2.663748   3.764225
   2.654629    3.76218
   2.650194   3.759335
   2.639675   3.744015
   2.611736   3.713207
   2.607111   3.702137
   2.608418   3.694408
   2.612422   3.692223
   2.626392   3.690739
    2.64171   3.692024
   2.676021   3.684032
   2.687888   3.681267
   2.701451   3.674286
    2.70723   3.668488
   2.706737   3.664368
   2.703017   3.662453
   2.692994    3.66267
    2.68746   3.664822
   2.677619   3.673718
ST 1 1
   2.677619   3.673718
ST 200 0
   2.664395   3.675682
   2.646162   3.672047
   2.624875   3.674717
   2.623553   3.671761
   2.614066   3.668526
   2.607995   3.668377
   2.599271   3.670902
   2.590441   3.667896
   2.597492   3.662415
   2.598552   3.659252
   2.594994   3.654205
    2.59455   3.653572
   2.587401   3.650665
   2.591254   3.646454
   2.599907   3.644447
   2.607908   3.646893
   2.609467   3.646042
   2.610804   3.637856
   2.616654   3.631153
    2.63612   3.616562
   2.640615   3.607082
   2.656153   3.604721
   2.664139   3.600349
   2.670774   3.593205
   2.669796   3.584961
   2.666115   3.582592
   2.652244   3.583168
   2.645153   3.585735
   2.633591   3.592594
   2.625924   3.597137
   2.623779   3.594803
   2.618376   3.595127
   2.612721   3.599098
   2.598394   3.595093
   2.584327   3.598396
   2.582537   3.602005
   2.589289   3.615414
   2.589775   3.630493
   2.585521   3.636322
   2.578225   3.641621
   2.565742   3.644047
    2.55134   3.640949
   2.541039     3.6343
   2.526851    3.61882
   2.526048   3.617943
   2.521401   3.616863
   2.510172   3.624149
   2.504651   3.625565
   2.504311   3.620987
   2.526725   3.603451
   2.536905   3.597389
    2.54108   3.597984
   2.538314   3.600407
   2.541992   3.599167
    2.54158   3.594135
   2.535992   3.586235
    2.53894   3.577175
   2.547061   3.570987
   2.548981   3.565559
   2.545889   3.554977
   2.537271   3.546543
   2.524976   3.546692
    2.52398   3.547233
   2.508195   3.555851
   2.495196   3.555065
   2.490334   3.558594
   2.489174   3.564045
   2.494029   3.581974
   2.492671   3.590157
   2.485251   3.607777
   2.477519   3.618992
   2.466877    3.62785
   2.460534   3.630425
    2.45606   3.628487
   2.462531   3.609291
   2.462927   3.608116
   2.461757   3.603062
   2.457418     3.5993
   2.449911   3.596821
   2.434498   3.597336
   2.427358   3.600346
   2.415942    3.60918
   2.404928   3.612545
   2.396586   3.610954
   2.389453   3.603462
   2.388223   3.599319
   2.397476   3.588604
   2.400386   3.581383
   2.396821   3.576717
   2.378755   3.571674
   2.368497   3.565006
   2.363981   3.552128
   2.360904   3.543342
   2.364515   3.536136
   2.386117    3.52438
   2.391784    3.52042
    2.39282   3.516792
   2.387133   3.510708
   2.365336   3.504646
   2.362444   3.502289
   2.361664   3.492222
   2.356955   3.483417
   2.346059   3.475364
   2.347441   3.467182
   2.352338   3.463203
   2.363217   3.461208
    2.37469   3.461513
   2.377855   3.460674
   2.384072   3.459022
   2.390562   3.454174
   2.395825   3.445179
   2.404371   3.443577
   2.435519   3.447136
   2.454271   3.452644
   2.461154   3.452823
   2.469896   3.448482
   2.471721    3.44442
   2.469223   3.436592
   2.457219   3.422581
   2.445673   3.415092
   2.431702   3.415527
   2.423794   3.418972
   2.418036   3.423664
   2.415651   3.425609
   2.407806   3.428142
   2.396016   3.421894
   2.394701   3.408615
   2.398689   3.406441
   2.422638   3.403415
   2.427254   3.400211
   2.427025   3.395767
   2.410297   3.383911
   2.408551   3.366054
   2.391638   3.356933
    2.39414   3.343754
   2.398223    3.34021
   2.404904   3.339855
   2.409732   3.339599
   2.425416   3.344578
   2.435498   3.353061
   2.483457    3.37714
   2.494047    3.37878
   2.537599   3.379432
   2.543136   3.376835
    2.54508   3.370945
   2.539962   3.367618
    2.51729   3.363849
   2.513748   3.362053
   2.510648   3.360485
    2.51391   3.346866
   2.512708    3.34227
   2.508359   3.338962
   2.501656   3.336509
   2.492471   3.336727
   2.468334   3.342956
    2.46233    3.34143
   2.459476   3.338619
   2.460503   3.334991
     2.4669   3.331047
   2.490204    3.32571
   2.494244   3.322616
   2.491521   3.317982
   2.483363   3.314575
   2.459764   3.313507
   2.445148   3.314953
   2.437512   3.312008
   2.414695   3.303196
    2.40184   3.301487
   2.390914   3.294346
   2.381245   3.290893
   2.350213   3.287323
   2.342834   3.283928
   2.343073   3.280735
   2.353247   3.277355
   2.378772   3.283062
   2.427391   3.286175
    2.43518     3.2859
   2.449584   3.285385
   2.458956   3.282432
   2.462234   3.279342
   2.461833   3.274288
   2.458256      3.271
    2.44266    3.26511
   2.431206   3.265266
   2.406438   3.270096
   2.389192   3.265987
   2.384825    3.26313
   2.387211   3.261822
   2.396313    3.26252
   2.402572   3.260402
   2.403601   3.256779
   2.399996    3.25394
   2.353209   3.247211
   2.351806   3.245918
   2.349642   3.243919
   2.350106   3.227489
   2.345326   3.220054
   2.337403   3.213901
   2.315967   3.205101
   2.302211   3.195591
ST 1 1
   2.302211   3.195591
ST 200 0
   2.289496   3.192501
   2.275089   3.191646
   2.268143   3.192825
   2.264482   3.190899
   2.264071   3.186321
   2.237253   3.168674
    2.23191   3.159027
   2.230572   3.156612
   2.219958   3.146267
   2.169398    3.12154
   2.169248   3.113769
   2.172712   3.108387
   2.180441   3.106781
   2.244945   3.118187
   2.253702   3.122997
    2.25739   3.128181
   2.263315   3.136513
   2.274836    3.14505
   2.298237   3.147522
   2.326716   3.153324
   2.353378   3.163177
   2.372876   3.177406
   2.384833   3.180465
   2.430484   3.186626
   2.435354   3.187282
   2.440443   3.190613
   2.438725   3.193306
   2.419054   3.201923
   2.417367   3.204162
   2.417594   3.211475
   2.421525   3.220257
   2.419471   3.227512
   2.423637   3.233101
    2.43538   3.239345
   2.467677   3.246124
   2.495092   3.257335
    2.50076    3.26342
   2.503429   3.274711
   2.503691   3.275825
   2.510855   3.282398
   2.536779   3.293564
    2.54176   3.298713
   2.540742   3.302341
    2.53604   3.304046
   2.510385   3.299743
   2.503495   3.300022
   2.498029   3.304676
   2.499098   3.308128
   2.504871   3.312843
   2.522457   3.323337
   2.537386   3.328285
   2.572371   3.330532
   2.577577   3.331451
   2.587467   3.333195
   2.624371   3.340957
   2.630956   3.345226
   2.629944   3.348858
   2.621907   3.354595
   2.597684   3.362213
   2.588146   3.367458
   2.582964   3.376003
   2.587675   3.385254
   2.595058   3.389091
   2.605593   3.391636
   2.619372   3.391517
   2.636548   3.386459
   2.642833   3.385868
   2.648097   3.385372
   2.659366   3.388386
   2.676865   3.401138
   2.687988   3.406425
    2.70926    3.40876
   2.722469   3.417293
   2.732535    3.42712
   2.752606   3.459553
   2.754438   3.478313
    2.75413   3.478874
   2.752697   3.481472
   2.739143   3.489368
   2.711441   3.513824
   2.697226   3.519878
   2.694652   3.523926
   2.696614   3.528991
   2.707588   3.537018
   2.717527   3.549122
   2.720752    3.55833
   2.726492     3.5644
   2.747918   3.577232
   2.753746   3.578777
   2.755469   3.579231
   2.769397   3.577732
   2.780969    3.56522
   2.793714   3.558208
   2.799554   3.551037
   2.800705   3.545131
   2.798054   3.526809
   2.811785   3.504299
   2.806512   3.490936
   2.800123   3.483028
   2.801036   3.480766
   2.806982   3.471775
    2.80775   3.471283
   2.822166   3.462078
   2.833896   3.446369
   2.853971   3.431759
   2.849933   3.422992
   2.834907   3.418541
   2.802808   3.394062
   2.784392   3.383137
   2.769099   3.376735
   2.766541   3.375416
     2.7679   3.366314
   2.781262   3.360691
   2.795682   3.338653
   2.797242   3.337612
   2.810851   3.328502
   2.814457   3.319912
   2.821495   3.317333
   2.843049   3.314632
   2.856746   3.315399
   2.866887   3.311977
   2.881382   3.299976
   2.892958   3.297951
   2.903573   3.299103
   2.928167    3.30878
   2.944327   3.319179
   2.949108   3.328415
   2.948763   3.329563
   2.947193   3.334766
   2.938019   3.347347
   2.940736   3.352886
   2.958734   3.371086
   2.971289   3.390987
   2.979988   3.398937
   2.986672   3.402279
   3.001217   3.402134
   3.007493   3.399528
    3.01636   3.391956
   3.030246   3.389972
   3.036518   3.387363
   3.042182   3.380039
   3.047281    3.37344
   3.049183   3.367088
   3.046478   3.361099
   3.038979   3.358658
   3.027447   3.359779
    3.01559   3.366375
   3.005502     3.3689
   2.998712   3.367386
    2.98928   3.358963
   2.988929   3.352108
   2.993183   3.344898
    2.99798   3.341347
   3.005692   3.340141
   3.031608   3.341152
   3.043977   3.338676
   3.051031   3.335628
     3.0568   3.328445
   3.057176   3.325962
   3.058043   3.320255
   3.055138   3.304672
   3.058508   3.299263
    3.06871   3.294456
   3.084955   3.290687
   3.092314   3.282165
    3.13167   3.274303
   3.140162   3.268745
   3.143717   3.263592
   3.139869   3.250728
   3.132165   3.238704
   3.126306   3.233028
   3.120608   3.227508
   3.113206   3.223705
   3.103339   3.223045
   3.084024   3.227665
   3.072793   3.224235
    3.06928   3.219139
   3.058973    3.21299
   3.046828   3.212276
   3.030582   3.216495
   3.013001   3.217491
   3.003219   3.215454
   2.998084   3.212147
   2.995286   3.207977
   3.001781   3.188484
   3.007844   3.179878
   3.008434   3.179039
   3.020484   3.168342
   3.036927   3.160473
   3.039421   3.156875
   3.038276   3.150459
   3.032414   3.146683
   3.021073   3.145527
    3.00664   3.132431
   3.001786   3.124565
   3.001951   3.109043
    2.99756   3.106209
   2.986962   3.105526
   2.979264   3.107181
    2.96744   3.114231
ST 200 1
   2.955074   3.117611
   2.949564   3.115993
   2.948353   3.115639
   2.947899   3.110607
   2.956317   3.097091
   2.964994   3.091804
   2.977379   3.087967
   3.053068   3.079548
    3.06463   3.076595
   3.070936   3.072616
   3.074734   3.059456
   3.069302   3.048385
    3.06406   3.044269
   3.059142   3.040409
   3.040704   3.031341
   3.021113   3.029098
   2.988455   3.029762
   2.972513   3.027057
   2.956513   3.018562
   2.940128   3.013634
   2.928741   3.013836
   2.921001   3.016403
   2.913652   3.024914
   2.909949   3.035793
   2.911161   3.043636
   2.911577   3.046329
   2.908181   3.052189
   2.899562   3.056564
   2.885018   3.058517
   2.851193   3.053184
   2.832974   3.053222
   2.816651   3.059238
   2.816363   3.075672
   2.822492   3.086773
   2.839774    3.10178
   2.845759   3.103287
   2.853404    3.10255
   2.856446   3.101021
   2.877723   3.090317
   2.904837   3.081795
   2.912226   3.085155
   2.915682   3.090713
   2.916527   3.101692
   2.909388    3.13121
   2.906041   3.136158
    2.89808   3.141914
   2.891891   3.143604
   2.872846   3.144089
   2.857008   3.146366
   2.853657   3.146847
   2.831984   3.152744
   2.821789   3.157532
   2.812819   3.166912
   2.775842   3.173816
   2.769525   3.177322
   2.763582   3.186771
    2.75349   3.189728
    2.74626   3.195495
   2.743253   3.233585
    2.74176   3.252464
   2.734698   3.255493
    2.72495   3.252979
   2.707408   3.253017
   2.693308   3.258613
    2.67835    3.26556
   2.671828   3.271793
   2.666612   3.281257
   2.661764   3.285248
   2.655515    3.28738
   2.625568   3.278885
   2.616743   3.263057
    2.61266   3.255733
   2.605423   3.250076
   2.562827   3.237594
   2.547358     3.2299
   2.540197   3.223324
   2.538236   3.218708
   2.541567   3.214683
   2.588147   3.191192
   2.603376   3.180156
   2.606226   3.178669
   2.617587   3.172745
   2.626881   3.165493
   2.627701   3.158382
   2.623423   3.154167
   2.607847     3.1483
    2.58829   3.145073
   2.567817   3.144104
   2.552501   3.145542
   2.545507   3.147648
   2.542941   3.151695
   2.546164   3.159996
   2.559075   3.171284
   2.559644   3.174038
   2.552709   3.175232
    2.53365   3.171474
   2.518172   3.168419
   2.477274   3.165539
   2.450121   3.162094
   2.429942   3.156994
   2.392165   3.153255
   2.369196   3.144878
   2.342908   3.129532
   2.316722   3.114227
   2.296064   3.105896
   2.279998   3.097233
   2.272448   3.096569
    2.25714   3.097973
   2.244421   3.095333
   2.234226   3.089569
   2.229304   3.084404
   2.229109   3.077091
   2.243608   3.056484
   2.247272   3.047157
   2.245077   3.037338
   2.237306   3.029812
   2.211968   3.014026
   2.209031   3.002979
   2.195432   2.992546
   2.184358   2.978985
   2.170652   2.950725
   2.167224   2.936466
   2.166341   2.935127
   2.163839   2.931343
   2.148727   2.921314
   2.131714   2.916256
   2.111468   2.913841
   2.094744   2.914722
   2.076765   2.912369
   2.067426   2.906154
   2.060003    2.89497
   2.054977   2.891624
   2.043122   2.888531
   2.034028   2.888717
    2.01392   2.894058
   1.998909     2.9006
   1.998225   2.900898
   1.968142   2.898617
   1.935341   2.901729
    1.92741   2.906059
   1.926121   2.912414
   1.931169    2.92445
   1.947099   2.942299
   1.961568   2.950504
   1.982202   2.957527
   1.996758   2.964817
   2.000298   2.967472
    2.00247   2.969101
   2.009815   2.981201
   2.016968   2.986439
   2.033809   2.993793
   2.046687   3.003311
   2.040574   3.013183
   2.031914   3.017036
   2.020571   3.025837
   2.007867   3.041904
   2.000938   3.043068
   1.976323   3.037761
   1.955386    3.04063
   1.951749    3.04113
   1.940726   3.045822
   1.918186   3.051986
   1.899081   3.062366
   1.894944   3.066349
   1.895354   3.070473
    1.90342   3.073921
   1.924832   3.072292
   1.943512   3.076057
   1.950143   3.078544
   1.970761   3.095615
   1.982554   3.100082
    1.99465   3.100902
   2.000229    3.09959
   2.015342   3.089641
   2.025385   3.087658
   2.031338   3.089203
   2.052196   3.113121
   2.071153   3.141998
   2.074249   3.150768
   2.072362   3.155285
   2.065991   3.158752
   2.056378   3.155269
   2.037925   3.140766
   2.009911   3.118721
   2.001828    3.11528
   1.995722   3.115555
   1.958622   3.131798
   1.942188   3.137241
   1.924539   3.138988
   1.875789   3.130638
   1.864961   3.125873
    1.85233   3.120315
   1.844494   3.114132
   1.841931    3.10857
    1.84367   3.097198
   1.852949   3.086525
   1.874699    3.07212
   1.878275   3.065834
   1.877419    3.05804
   1.874778    3.05339
ST 200 1
   1.863436   3.043899
   1.850274   3.038009
   1.847035   3.031509
   1.835914   3.028419
   1.830356   3.025276
   1.826505   3.023098
   1.817375   3.014587
     1.8108   3.011638
   1.802516   3.010921
   1.796739   3.007538
   1.789212   3.006843
    1.78527   3.008545
   1.784156   3.012623
   1.786069   3.016796
   1.802764   3.025551
   1.802605   3.027374
    1.79643   3.028549
   1.747065   3.028805
    1.74324   3.029136
   1.740656   3.031551
   1.742196   3.032478
    1.74686   3.031521
   1.752309   3.033798
   1.744048   3.036133
   1.739246   3.039978
   1.741398   3.041416
    1.75275   3.042141
   1.770092   3.043247
   1.790261   3.047088
   1.798993   3.051475
   1.812475   3.062408
   1.815665   3.068191
   1.823535   3.067257
   1.824169   3.068424
   1.820137   3.070553
   1.822516   3.073162
   1.838444   3.073555
   1.840115    3.07568
    1.82977   3.076416
   1.824498    3.08152
   1.819074   3.082721
   1.805994   3.078766
   1.791427   3.077282
   1.788236   3.079006
    1.79994   3.086101
   1.802768    3.09132
    1.80338   3.092449
   1.814093   3.100715
   1.824261   3.112556
   1.831728   3.116089
   1.832941   3.124557
   1.839589   3.133507
   1.863771   3.153206
   1.865889   3.157898
   1.869877   3.160312
   1.880585   3.162315
   1.890992   3.162021
   1.901495    3.16357
   1.900936   3.168808
   1.904844   3.170784
   1.910989   3.171024
   1.913758   3.173645
   1.928396   3.176357
   1.945817   3.166588
   1.976992   3.157936
   1.983903    3.15723
   1.994345   3.159828
   1.998375   3.166343
   1.998117   3.178669
   2.003895   3.182499
   2.024223   3.185386
   2.039621   3.192695
   2.055618   3.192707
   2.069468   3.200424
   2.079852   3.203922
   2.084318   3.204471
   2.099471   3.206322
    2.10461   3.208755
   2.105912   3.211532
   2.104135    3.21468
   2.099499   3.215458
   2.081396   3.213104
   2.068174   3.216373
    2.04985   3.216751
   2.047383   3.218963
   2.047622   3.225364
   2.054783   3.231056
   2.073394   3.236625
   2.080965   3.237304
   2.100388   3.232841
   2.114009    3.23415
   2.126757   3.246395
   2.131355   3.249424
   2.139077   3.254513
   2.159885   3.261501
   2.192191   3.267898
   2.196117    3.27623
   2.193368   3.282093
   2.186739   3.288753
   2.177418   3.290775
   2.169218   3.288261
   2.156229   3.278755
   2.145821   3.275261
   2.131462   3.273479
   2.123341    3.27005
   2.111853    3.26104
   2.105432   3.258693
     2.1037    3.25806
   2.092319   3.257274
   2.075352   3.259521
   2.054281   3.265301
   2.041414   3.264011
   2.036384   3.260208
   2.031117       3.25
    2.01167   3.245315
   2.019879   3.238251
   2.021738   3.234192
   2.022063   3.220955
   2.018823   3.214008
   2.008169   3.204551
    2.00756   3.202709
   2.011511   3.200996
   2.011014   3.197784
    2.00879   3.196796
   2.008584   3.199676
   2.002291   3.196358
   1.993772   3.195781
   1.979659   3.199444
   1.958835    3.20216
   1.930143   3.199009
   1.922812   3.195587
   1.918147   3.187679
   1.919253   3.183601
   1.923432   3.181011
   1.917522   3.177677
   1.902891   3.173172
   1.897672   3.174396
   1.892957   3.172157
   1.891522   3.167759
   1.887167   3.164833
   1.867406   3.161651
   1.861577   3.157501
   1.859807   3.154411
   1.849419   3.148292
   1.824436   3.121807
   1.827146   3.117195
   1.810742   3.104324
   1.809767   3.099689
   1.800282   3.093925
   1.799666   3.092602
   1.797952   3.088928
    1.79155    3.08398
   1.791396   3.087421
   1.788159     3.0886
   1.796339   3.090687
   1.801052    3.09769
   1.795228   3.103447
   1.807709   3.143593
   1.811107   3.148266
   1.827306   3.163395
   1.856219   3.183033
   1.862563    3.18734
   1.889063   3.198208
   1.919454   3.208275
   1.936134   3.218376
   1.939553   3.223049
   1.936849   3.227993
   1.903965   3.247093
   1.874994   3.255798
   1.862182    3.25893
   1.797025   3.274841
   1.787809   3.275463
   1.777992   3.274242
   1.772143   3.271316
   1.768778   3.266182
   1.772706   3.247574
   1.767301   3.239635
   1.755815   3.231502
   1.751378   3.221309
   1.755533   3.208313
   1.758751   3.198242
   1.764512   3.193397
   1.786145   3.181293
   1.792021   3.175079
   1.793177   3.170547
   1.789778    3.16587
   1.781785   3.161506
   1.770475   3.160232
   1.765839   3.160999
   1.737092   3.176075
   1.725496    3.17799
   1.707552   3.174213
   1.695441   3.173363
   1.680913   3.177345
   1.662637    3.18235
   1.650541    3.18972
   1.641094   3.193069
   1.621808   3.195633
   1.613918    3.19857
   1.588008   3.215076
ST 200 1
   1.585862   3.230083
   1.589118   3.236133
   1.599221   3.242409
   1.619133    3.24992
   1.623791   3.257385
   1.624756   3.261593
   1.627067    3.27166
   1.633889   3.280563
   1.639814   3.282585
   1.647468   3.282379
     1.6886   3.275036
   1.698292   3.277633
   1.702451   3.282337
   1.702191   3.293751
   1.705591   3.298431
    1.71865    3.30616
    1.76512   3.316322
   1.769042   3.316711
   1.792393   3.319011
   1.822995   3.318599
   1.851507   3.315834
   1.878042   3.309341
   1.893476   3.307533
   1.903988   3.309681
   1.908934     3.3144
    1.90351   3.324283
    1.89794   3.326854
   1.862361   3.333607
   1.860647   3.333931
   1.850382   3.337726
   1.837761    3.35104
   1.832474     3.3591
   1.828601    3.37725
   1.830386   3.391926
   1.832965   3.397487
   1.838191   3.399021
   1.852012   3.398536
   1.877756   3.392933
   1.885998   3.395012
    1.89759   3.402675
   1.900981   3.407806
   1.901503   3.413013
   1.901809   3.416054
   1.902607   3.469524
   1.908414   3.473354
    1.92069    3.47327
   1.929414   3.469879
   1.937755    3.46191
   1.945555   3.460319
   1.971058   3.467022
   1.978936   3.473652
   1.980736   3.479641
   1.981457   3.484829
   1.981694   3.486522
   1.977642   3.498279
   1.979747   3.500625
    1.98656   3.501739
   1.989916   3.500278
   1.986039   3.498932
   1.987904     3.4958
   1.997655   3.497993
   1.997268   3.492924
   1.994584   3.493221
   1.991174   3.490215
   1.995554   3.488773
   1.996842   3.486969
   1.998254   3.484989
   1.998184   3.474701
   2.001719   3.473919
   2.013282   3.480751
   2.016461   3.487041
   2.020762   3.489944
   2.023366   3.487068
   2.018674   3.477058
   2.010437   3.471275
    2.01206   3.463108
   2.024095   3.461727
   2.027002   3.448578
   2.035888    3.44495
   2.035747     3.4412
   2.039295   3.435806
   2.022264   3.431495
   2.020976   3.428715
   2.024591   3.422428
   2.030225   3.420021
   2.028616   3.419853
   2.035163    3.40543
   2.037852    3.39135
   2.033182   3.382992
   2.001985   3.362427
   1.981956   3.354976
   1.970513   3.345497
   1.942038   3.329567
    1.93389   3.321094
   1.915352   3.301803
   1.914937    3.29768
   1.933112   3.290466
   1.941145   3.294822
   1.969653    3.32072
   1.967779   3.305095
   1.971844   3.306518
   1.974269   3.312576
   1.971919   3.315712
   1.974223   3.324871
    1.99295   3.324859
   1.995583   3.324856
   2.011667   3.330791
   2.009468   3.334095
     1.9981   3.327682
   1.984292   3.328987
   1.987856   3.330028
   1.989727   3.335109
   1.992052    3.33472
   1.999261   3.339962
   1.997698    3.34037
   2.001359   3.342308
   2.003685   3.341919
   2.030089   3.355491
   2.055188    3.37587
   2.057255    3.37867
   2.056659   3.385963
   2.059419   3.399578
   2.060478     3.4048
   2.055852   3.416973
   2.073717   3.421219
   2.073969   3.427166
   2.053153   3.437488
   2.041982   3.436485
   2.038305   3.446239
   2.034271   3.449882
   2.041725   3.446731
   2.044617   3.439506
   2.048551   3.438251
   2.066374   3.445167
   2.096261   3.445122
   2.121017    3.44218
   2.128588    3.44331
   2.132992   3.445717
   2.141803   3.460129
   2.138852   3.468265
   2.126904   3.473861
   2.124243   3.478351
    2.12632   3.482513
   2.128867   3.487617
   2.127919   3.489876
   2.124785     3.4907
    2.11491   3.489502
   2.100214     3.5005
   2.090659   3.504791
   2.086178   3.503292
   2.082968   3.505024
    2.08187   3.507744
   2.088185   3.509804
   2.096444   3.515365
   2.095351   3.518524
   2.083857   3.513759
   2.081639   3.515156
    2.08163   3.521221
   2.089476   3.534534
   2.093803    3.53355
   2.099474   3.534443
   2.093193    3.53947
   2.096857   3.541202
   2.108192   3.539333
   2.116119   3.533222
   2.119807   3.534729
    2.11885   3.536796
   2.117832   3.538997
    2.12414   3.544941
   2.130522    3.54266
   2.142517   3.545608
   2.151462   3.544559
   2.157809   3.546387
   2.157102    3.54956
   2.150901   3.552452
   2.147275   3.559261
   2.143083   3.559269
    2.12739   3.553798
   2.126848   3.563549
   2.130562   3.564827
   2.131489   3.570804
   2.128279   3.572548
    2.11937   3.564987
   2.111762   3.566597
   2.109761   3.565777
   2.104715   3.568222
   2.095045   3.564289
   2.088736   3.560333
   2.089321   3.554825
   2.087391   3.554477
   2.084853   3.556991
   2.078552   3.557312
   2.074419   3.557522
   2.076007    3.55278
   2.071757   3.552357
   2.065011   3.555576
    2.06548   3.553665
   2.063559   3.554703
   2.061616   3.559669
   2.064085   3.567047
ST 200 1
   2.067954   3.571148
   2.069249   3.579071
   2.056456   3.585094
   2.044369   3.601185
   2.038623   3.605583
   2.039744   3.610642
   2.113258   3.608284
   2.144621   3.607265
   2.149773   3.610153
   2.150434   3.621132
   2.147254    3.62241
   2.066904   3.626503
   2.038427   3.626587
   2.033897   3.625542
   2.031405    3.62775
   2.026919    3.64653
   2.021975    3.66721
   2.008884   3.676415
   2.005134   3.675549
   2.014779   3.683075
   2.015198   3.692432
   2.011332   3.696724
    2.01077   3.701592
   2.020014   3.702633
    2.02991   3.711041
   2.035376   3.712372
   2.041521   3.711063
   2.046836   3.713726
   2.054911   3.728283
   2.051183   3.737915
   2.052472   3.739746
   2.063402   3.736622
   2.058076   3.743195
   2.050157   3.740322
   2.048147   3.738239
   2.051249   3.730804
   2.042708   3.713783
    2.02963   3.713474
   2.018666   3.704582
   2.008803   3.702404
   2.007517   3.700569
   2.011971   3.691189
   2.011568   3.684944
   2.007633   3.680115
   2.001417   3.675964
   1.992937    3.67366
   1.992702   3.667259
   1.988898   3.666691
    1.98288   3.674976
   1.982361    3.67569
   1.976193    3.67569
   1.970222   3.670208
   1.971388   3.665291
   1.960948   3.659576
   1.963426   3.655945
   1.952292   3.652222
   1.949321   3.652966
   1.947188   3.651287
   1.948744   3.646294
   1.940317   3.643486
   1.943827   3.638458
   1.931433    3.63652
   1.931749   3.633564
    1.93458   3.632298
   1.933867   3.628159
   1.936649    3.62735
   1.943407   3.628975
   1.949908   3.625793
    1.94581   3.624496
   1.948985   3.616386
   1.955939   3.612534
   1.956496     3.6073
   1.959521   3.605026
   1.947714   3.599426
   1.949421   3.596046
   1.944145    3.59502
   1.943065   3.595242
   1.936867     3.5965
   1.933302   3.593853
   1.950037   3.584839
   1.929987    3.58527
   1.924435   3.583229
   1.933399   3.578541
   1.934457    3.57584
   1.937968   3.575538
   1.944773   3.569462
   1.964552   3.544475
   1.964897   3.531238
   1.958465   3.525566
   1.950806   3.525337
   1.942918   3.527839
   1.929307   3.536869
   1.906691   3.556434
   1.898701   3.568981
   1.885183   3.583187
   1.872619   3.595139
   1.863748   3.599888
    1.85051   3.601769
   1.823135   3.598179
   1.783273    3.58728
   1.734552   3.573929
    1.72286   3.567161
   1.719437   3.562485
   1.720892   3.529182
   1.733626   3.489845
   1.737635   3.484924
   1.768062   3.447536
   1.773655   3.436291
    1.78029   3.430561
   1.791467    3.42543
   1.818723   3.420345
   1.821976   3.418163
   1.823217    3.41272
   1.814569   3.406509
   1.789611   3.402988
    1.77968   3.397583
   1.745062   3.378734
    1.73213   3.377865
    1.71469   3.384617
   1.712114   3.387733
    1.71311   3.393707
   1.722656   3.406803
    1.72236   3.418674
   1.718407   3.428596
   1.714179   3.433029
   1.707016   3.435997
   1.672171    3.44025
   1.656647   3.442138
   1.630888   3.447239
   1.623424   3.453392
     1.6242   3.461639
   1.619236   3.465591
   1.608112   3.469795
   1.589424   3.472832
    1.57137   3.469036
   1.565592   3.465191
   1.563086   3.459167
    1.53341   3.448581
   1.515244   3.436462
   1.513217   3.435108
   1.499176   3.429607
   1.487674   3.429676
   1.478076   3.433922
   1.460597   3.448406
   1.449354   3.461731
   1.414652   3.487499
   1.412505   3.493824
   1.416522   3.499901
   1.430092   3.510422
   1.438892   3.515991
   1.472085   3.536983
   1.490665   3.543552
   1.508647   3.556495
   1.504385   3.560921
   1.447384   3.578182
   1.442434   3.581669
   1.442718   3.586704
   1.455094   3.593979
   1.461657   3.594357
   1.474219   3.595085
   1.506045   3.592045
    1.53702   3.581661
   1.540724   3.583157
   1.541192   3.586369
   1.527213   3.595955
   1.505138   3.601612
    1.48187   3.603569
   1.446046   3.600067
   1.438159   3.602081
   1.431199   3.602406
   1.421156   3.602871
   1.408974    3.60154
   1.395615   3.596508
   1.381127   3.587326
    1.37003   3.582829
   1.368721   3.580498
   1.370476   3.578274
   1.381874   3.571815
   1.384529   3.568252
   1.386006   3.560993
   1.372459   3.534477
   1.371098   3.524833
   1.373609   3.514866
   1.378646   3.510471
   1.379577   3.506573
   1.379944   3.505035
   1.377916    3.50222
   1.367427   3.499573
   1.355998   3.498718
   1.319684   3.501098
   1.298622   3.504467
   1.292949   3.507465
   1.293294    3.52713
   1.296668   3.531818
   1.294683    3.53632
   1.295698   3.564686
   1.294024   3.573768
   1.293751   3.574821
    1.29027   3.588257
   1.272357   3.598133
ST 200 1
   1.252961   3.599728
   1.244711   3.597603
   1.248466   3.590885
   1.250243   3.580894
   1.248541    3.57489
   1.243683    3.56969
    1.23481   3.566173
     1.2226   3.565277
   1.206327    3.56652
   1.189008   3.570465
   1.176817   3.576878
   1.169171   3.582359
    1.16104   3.588184
   1.134467   3.621948
   1.134055   3.633358
   1.127799   3.649124
   1.130253   3.656738
   1.133431   3.661671
   1.179811   3.690323
   1.187469   3.698368
   1.200161    3.71756
   1.199439   3.732159
   1.202936   3.743252
   1.210303   3.746716
   1.222565   3.747612
   1.241982   3.746475
   1.250984   3.749081
   1.250616   3.752724
    1.24486   3.756176
   1.197407   3.769787
   1.174037   3.776478
   1.147124   3.790127
   1.144483   3.793228
   1.144875   3.796898
   1.152781    3.80267
   1.161977   3.803459
   1.183618   3.796017
   1.204947   3.783993
   1.219574   3.779396
   1.232052   3.775822
   1.243322   3.778969
   1.245401   3.781326
   1.243677   3.783093
   1.245325   3.787525
   1.247764   3.789196
   1.251623   3.791836
   1.253454   3.795803
   1.251033   3.796616
    1.24604   3.793198
   1.240325   3.792164
   1.236407     3.7938
   1.233032   3.804188
   1.234063    3.80925
   1.239856   3.813114
   1.258705   3.817894
    1.26885    3.82465
   1.272786   3.831642
   1.272356   3.839829
   1.276952   3.840721
   1.275462   3.843403
   1.271315   3.846214
   1.262849   3.848347
   1.264298   3.852295
   1.261433   3.853546
   1.258106   3.852257
    1.25845   3.850819
   1.249608   3.851971
   1.250392   3.855125
    1.24356   3.857117
   1.241276   3.856789
   1.241242    3.85276
   1.233625   3.852081
   1.192924   3.848446
   1.165825   3.841068
   1.161716   3.835896
   1.158176   3.825256
   1.152511   3.821472
   1.138078   3.817673
   1.122717   3.816654
   1.107069   3.818363
   1.082653   3.815182
   1.066425   3.815041
   1.056266   3.816032
    1.05099   3.817661
   1.025874   3.825413
    1.02207   3.824814
   1.019376   3.821056
   1.027481   3.803078
   1.027389   3.796677
   1.024648   3.793377
   1.002183   3.786594
   0.993433   3.781693
    0.98593   3.779583
   0.976547   3.780602
   0.944851   3.794937
   0.930424   3.806728
    0.93065   3.809605
   0.930749   3.810852
   0.941414   3.819489
   0.950246   3.830792
   0.955815   3.857967
   0.963067   3.869667
    0.97707    3.88345
   0.977925   3.889877
    0.97507   3.894798
     0.9698   3.900539
   0.955937   3.906872
   0.929037    3.91206
   0.908423   3.916031
   0.893102   3.921387
   0.879944   3.928192
   0.876202   3.933991
   0.880655   3.942844
    0.88494   3.946209
   0.905602    3.94883
   0.917392   3.947453
   0.931868   3.935661
   0.942882   3.934254
   0.945021   3.928852
   0.955933   3.928349
   0.958102   3.929802
   0.958282   3.935295
   0.947991   3.945698
   0.946953   3.946747
   0.946785   3.955421
   0.954118   3.959354
   0.973146   3.962814
   0.982593   3.975967
   0.988484   3.978928
   1.001582   3.979877
   1.009511   3.978344
   1.018846   3.970924
   1.024411   3.962452
   1.022933   3.940006
   1.015889   3.933346
   0.996833   3.923035
   0.995104   3.920628
   0.994136   3.919277
   0.997811   3.913933
   1.006842   3.909245
   1.044632   3.896488
   1.106352   3.869518
   1.132711   3.861801
   1.140613    3.86026
    1.16473   3.866619
   1.167345   3.868217
   1.169729   3.869675
   1.174778    3.87429
   1.168041   3.879532
   1.156183   3.881844
   1.136939   3.880688
    1.12667   3.882599
   1.112741   3.889858
   1.103972    3.89959
   1.098123   3.902058
   1.069094   3.914299
    1.05809   3.923031
    1.05442   3.928379
   1.054467   3.935238
   1.059248   3.948666
   1.073161    3.95649
   1.099106    3.96064
   1.126842   3.962566
   1.144419   3.957722
   1.148365   3.949642
   1.145557     3.9468
   1.144912   3.946594
   1.117774   3.938019
   1.117192   3.936173
   1.109075    3.93222
   1.110278    3.92815
   1.117221   3.921093
   1.141766   3.908737
   1.159321   3.903889
   1.178085   3.902283
   1.198603    3.90622
   1.209766   3.910732
   1.226998   3.924141
   1.236121   3.929699
   1.244518   3.934814
   1.264828   3.941013
   1.274415   3.945923
    1.27573   3.948254
   1.272168   3.960461
   1.246903   3.972363
   1.210208   3.982021
   1.167873   3.985985
    1.14377   3.982842
   1.092389   3.976124
   1.064853   3.976288
   1.034014   3.981545
   1.021682   3.987938
   1.020323    3.99337
    1.02346   4.000343
   1.030181   4.002876
   1.037335   4.008625
   1.036415   4.009964
   1.032205   4.013004
    1.02098   4.016243
   1.006959   4.009323
ST 200 1
   1.004277   4.008976
   0.996997   4.008038
   0.983546   4.010273
    0.97744   4.016441
   0.976025   4.022331
    0.97934    4.03479
   0.971939   4.037243
   0.960361   4.037735
   0.955468   4.039833
   0.954247     4.0439
     0.9554     4.0476
   0.964101    4.05341
   1.002187   4.068089
   1.022421    4.08255
    1.03734   4.088585
   1.049843   4.088135
   1.076344    4.07312
   1.079975   4.068226
   1.079682   4.063648
   1.077465   4.061737
   1.069704   4.055058
   1.026961   4.041149
   1.015057   4.035213
   1.016418   4.029781
   1.022228   4.026341
   1.036456   4.024128
    1.06994   4.030849
   1.078024   4.035259
   1.096821   4.056049
   1.107652   4.063255
   1.109177    4.06427
   1.118189   4.067337
   1.129815    4.06776
   1.140365   4.063576
   1.139802    4.04665
   1.146126   4.038197
   1.180676   4.034874
   1.197527   4.037304
   1.206399   4.041733
   1.207836   4.044807
   1.208961   4.054619
   1.206215   4.058632
   1.202105   4.060768
    1.18567   4.054241
   1.177921   4.053963
   1.173422     4.0555
   1.170664   4.056442
   1.159835   4.063366
   1.155438    4.06823
   1.155882   4.071445
     1.1602   4.074799
   1.190077   4.086834
   1.223102   4.106285
   1.235049   4.111279
   1.262112   4.113148
   1.290947   4.128319
   1.299695   4.128365
   1.306517   4.128403
   1.310856   4.123985
   1.299684     4.1035
    1.29974   4.087513
    1.30175   4.083015
    1.30759   4.079109
   1.320999    4.07729
   1.330942   4.079006
   1.337601   4.082432
   1.344907   4.102783
   1.351391   4.108032
   1.361069   4.112476
   1.385744    4.11694
   1.404674   4.120361
   1.421063   4.120007
   1.433812   4.125004
   1.435696   4.129635
   1.434608   4.132793
   1.431325    4.13451
   1.403284   4.134476
   1.384336   4.137024
   1.378585   4.140026
   1.374937   4.145382
   1.370097   4.147041
   1.353556   4.140995
   1.340401   4.140083
   1.310668   4.141338
   1.299698   4.140709
   1.290526   4.140179
   1.287328    4.14098
   1.285453   4.144112
   1.291019   4.150703
   1.301479   4.155178
   1.317423   4.159386
   1.389951   4.166904
   1.413635   4.171822
   1.432662   4.176575
   1.444385   4.184277
   1.453403   4.187778
   1.458043   4.188068
   1.468907   4.188755
   1.479454    4.18454
   1.482183   4.180519
   1.480953    4.16906
    1.46891   4.148563
   1.466769   4.122459
   1.478593   4.096821
   1.490127   4.082134
    1.49513   4.078648
   1.496085   4.078209
   1.521983   4.066292
   1.529047   4.065613
   1.537964   4.061798
   1.544099   4.055462
   1.552179   4.051304
   1.566474   4.048119
   1.589245   4.045666
   1.596519   4.042706
    1.60254   4.036507
   1.608167   4.026184
   1.604108    4.01144
   1.593824   4.005165
   1.589003   3.998615
   1.587392    3.99342
   1.585429    3.98708
   1.580354   3.983261
   1.569607   3.981995
   1.559119   3.986218
   1.553228   3.991051
   1.553442   3.996994
   1.561869   4.006405
   1.561998    4.01326
   1.552014   4.028461
   1.546073   4.033749
   1.538153   4.035313
   1.530492   4.034145
   1.522319    4.03022
   1.517672   4.030067
   1.508029   4.033402
   1.501875   4.032742
   1.494597   4.035694
   1.492405   4.034252
   1.495853   4.030712
   1.508469   4.027126
   1.510232   4.026623
   1.511355   4.023006
   1.519578   4.018257
     1.5207   4.014641
   1.518812    4.01001
   1.514429   4.007122
      1.506   4.005928
   1.501749   4.001678
   1.509881   3.997837
    1.51424   3.984734
   1.509782   3.974537
   1.499912   3.964161
   1.479487   3.950687
   1.454216   3.939331
   1.435269   3.933037
   1.414412   3.926106
   1.365003   3.916187
    1.32502   3.905205
   1.317526    3.90266
   1.314075    3.89843
   1.320026   3.893154
   1.339188   3.887424
   1.357167   3.885765
   1.381714   3.889469
   1.384641   3.889908
   1.404312   3.894695
   1.432809   3.904346
    1.45141   3.912285
   1.449004   3.913116
   1.452911   3.912792
   1.469798   3.922497
   1.489723   3.929028
   1.488891   3.928066
   1.504499   3.920704
    1.51379    3.92086
   1.519434   3.919033
    1.52074   3.914513
   1.524507   3.912155
   1.535419   3.911686
   1.552782   3.913605
   1.555866   3.913944
   1.555394   3.910732
   1.543682   3.903492
   1.535489   3.900024
   1.513443   3.895638
   1.506113   3.891281
   1.501231   3.885639
   1.506221   3.873928
   1.516862   3.867886
   1.524023   3.865841
   1.536542    3.86443
   1.581854   3.868206
   1.603828   3.855473
   1.607219   3.853504
   1.614332    3.85191
   1.620291   3.854389
   1.616973   3.873463
   1.625685   3.879684
   1.656353   3.882957
ST 175 1
   1.704508   3.881302
   1.714792   3.878887
   1.729346    3.87204
   1.745848   3.860683
    1.74496   3.853348
   1.739615   3.851257
   1.718852   3.851154
   1.691395   3.855305
   1.656199   3.850983
   1.640489   3.836773
   1.633017   3.825565
   1.621442   3.816971
   1.616172   3.815426
   1.610736   3.815708
   1.605086   3.818264
   1.603289   3.820946
   1.588521   3.830055
   1.580893   3.832005
   1.579013   3.832485
   1.566332   3.827499
   1.565005   3.825172
   1.569329   3.812069
   1.571123   3.784718
   1.581895   3.760407
   1.583644   3.749954
    1.60543   3.731483
   1.611618   3.723007
   1.612435   3.718273
   1.618277   3.684395
   1.624582   3.674549
   1.638857   3.661766
   1.651004   3.655308
   1.674664    3.64922
   1.678421   3.650253
   1.684959   3.654575
   1.692497   3.664867
   1.697678   3.684216
    1.69856    3.68568
   1.701499   3.690552
    1.71125   3.696068
   1.724841   3.699242
   1.743332   3.699371
   1.748917   3.697266
   1.753977   3.692398
    1.75556   3.683311
   1.754674   3.675976
   1.735121   3.653431
   1.732304   3.641922
    1.72347   3.628853
   1.721671   3.614635
   1.720412    3.61359
   1.718807   3.612259
   1.685217    3.60936
   1.663676   3.600899
   1.649355   3.597694
   1.637642   3.599598
   1.633472   3.603115
    1.63382   3.607697
   1.642665   3.620316
   1.637907   3.630215
    1.62056   3.634674
   1.602619   3.645508
   1.585994   3.653591
   1.573577   3.659626
   1.558046   3.669167
   1.547161   3.678398
     1.5285   3.688286
   1.513597   3.690983
   1.507579   3.689411
   1.501909   3.684196
   1.500037   3.679565
    1.51184   3.660774
   1.522772   3.651089
    1.54065   3.641178
   1.550355   3.638691
   1.554852   3.637535
   1.569307   3.631161
   1.571311   3.626202
    1.57101   3.612946
   1.578209   3.601761
   1.590898   3.589386
   1.590597   3.584351
   1.585184   3.576405
   1.582665    3.56216
   1.584791   3.555832
   1.589768   3.551887
   1.597556   3.550773
   1.606579   3.552894
   1.621997   3.560711
   1.627765   3.564625
   1.653838   3.582306
   1.687594   3.591618
   1.732144   3.600807
   1.764803   3.605495
   1.795371   3.616501
   1.811285   3.619282
    1.81251    3.61927
   1.835153   3.619106
   1.867876    3.62331
   1.885628   3.631619
   1.892067   3.637295
     1.8926   3.640053
   1.886989    3.64262
    1.85683   3.635304
   1.841596   3.633465
   1.832992   3.635025
   1.829604   3.638577
   1.831508   3.643204
   1.844218   3.656384
   1.843939   3.663319
   1.843556   3.672806
   1.838759    3.68362
   1.819443   3.701752
   1.814518   3.713932
   1.816145   3.721745
   1.828582   3.729439
   1.849077   3.733265
   1.862197   3.733212
   1.883308    3.73888
   1.890964   3.739571
   1.895699   3.738342
   1.900709   3.733929
   1.901583   3.728813
   1.902262   3.724838
   1.897738   3.714657
   1.868105   3.674019
   1.869465   3.667206
   1.872084   3.663635
   1.883311   3.658497
   1.895797   3.656593
   1.912539   3.658924
   1.916185    3.66132
   1.917293   3.666378
   1.929042   3.673126
   1.939659   3.682949
   1.943327    3.68634
   1.948051   3.694248
    1.96654   3.712612
   1.968347   3.727734
   1.966116   3.745022
   1.970543   3.756573
   1.989953   3.773586
   2.009294   3.782375
    2.02193   3.792297
   2.023792   3.793762
   2.024233   3.807018
   2.033005   3.822342
   2.034055   3.828308
   2.030984   3.837353
   2.030391   3.853775
   2.037029   3.861275
    2.04923   3.851154
   2.048619    3.84222
   2.059789   3.833405
   2.062851   3.833168
     2.0645   3.834671
   2.064971   3.841156
   2.061099   3.843155
   2.062625    3.84573
   2.070277   3.847832
   2.071608   3.846809
   2.070532   3.840302
   2.075048   3.837967
   2.075312   3.825047
   2.077932   3.823357
    2.07786   3.818684
   2.084111   3.811749
   2.087961   3.793942
   2.115632   3.780666
   2.112469   3.778515
   2.110438   3.764504
   2.107712   3.761745
   2.096489   3.758186
   2.078434   3.748795
   2.079399   3.742394
ST 13 0
   2.494999   3.718056
   2.489777   3.715641
   2.486051   3.703217
   2.496156   3.680649
   2.511826   3.676937
   2.522425   3.679489
   2.527547    3.68327
   2.531446   3.693409
   2.530352   3.697948
   2.523775   3.703716
   2.500483   3.716824
   2.494999   3.718056
   2.079399   3.742394
ST 7 0
   2.432625   3.650345
   2.414784   3.655682
   2.415451   3.652733
   2.429649   3.645218
   2.438774   3.646439
   2.432625   3.650345
   2.079399   3.742394
ST 71 0
   1.478064   3.657398
   1.470468   3.674458
   1.461319   3.681458
   1.448499   3.686504
   1.440684   3.687607
   1.425449   3.685719
    1.40661   3.689182
   1.388214   3.688095
   1.377233   3.689999
   1.361738   3.698601
   1.353248   3.714298
   1.362358   3.730797
   1.367654   3.740383
   1.366346   3.745823
   1.358338   3.748741
   1.350869   3.746197
   1.328286    3.72485
   1.303238   3.705238
   1.295779    3.70269
   1.283436   3.702709
   1.257523   3.707275
   1.246087   3.705956
   1.244826   3.703167
   1.246686   3.700035
   1.254922   3.694847
   1.256169   3.694649
   1.280782   3.690739
   1.299137   3.684532
   1.301127   3.680031
   1.297787   3.674889
   1.253838   3.667389
    1.20488   3.663807
   1.196039   3.659832
   1.175852   3.646309
   1.173393    3.63987
   1.171603   3.635185
   1.175234   3.629833
   1.181698   3.626869
   1.191903    3.62495
   1.205804   3.624538
   1.220961   3.626915
   1.229844   3.630432
    1.24783   3.642956
   1.259834   3.646126
   1.272206   3.645653
   1.280201   3.642738
   1.284586   3.637409
   1.301246   3.632515
   1.339026   3.632011
   1.344236   3.632675
   1.348911    3.63327
   1.360517    3.64053
   1.359167   3.646423
   1.347931   3.658825
   1.348114   3.664772
   1.352137   3.670853
   1.360093   3.676155
   1.370623   3.678803
   1.386799   3.678906
   1.395472   3.676922
    1.42138   3.664104
   1.431282   3.649364
   1.437853   3.634586
   1.443085    3.62281
   1.449486   3.620289
   1.462703   3.618908
   1.477699   3.623074
   1.485573    3.62928
   1.487224   3.636189
   1.478064   3.657398
   2.079399   3.742394
ST 22 0
    1.61173   3.492237
   1.653668   3.500065
   1.655715   3.502872
   1.652362   3.505962
   1.636681   3.509563
   1.608751   3.512764
   1.597699   3.516056
   1.574187   3.529442
   1.571507   3.533466
   1.569425   3.547558
   1.560658   3.550922
   1.552403    3.54882
    1.54911   3.540169
   1.547472   3.535866
   1.535263      3.535
   1.528543   3.532947
   1.528335      3.527
    1.54047   3.504104
   1.552632   3.488975
    1.56589   3.486675
    1.61173   3.492237
   2.079399   3.742394
ST 22 0
    2.25184   3.484218
   2.243635   3.481254
   2.232067   3.472255
   2.223135   3.449173
   2.214387   3.443451
   2.205428    3.44046
   2.195263   3.433323
   2.191502   3.422714
   2.195502   3.420543
   2.253302   3.415756
   2.260072   3.417312
   2.263647   3.420608
   2.263066   3.424972
    2.26183   3.434261
   2.247366   3.442997
   2.246214   3.447986
   2.249884   3.459961
   2.258842   3.472996
   2.259985    3.47805
   2.256537   3.482979
    2.25184   3.484218
   2.079399   3.742394
ST 23 0
   2.076738   3.369427
   2.075436   3.373119
   2.078018   3.377785
     2.0782   3.387165
   2.085294   3.381481
   2.086712   3.375133
   2.084728   3.372089
   2.076738   3.369427
   2.065441   3.365314
   2.059919   3.361347
   2.055723   3.355732
   2.050088   3.352783
   2.050305   3.348366
   2.047765   3.345711
   2.024256   3.338993
   2.036878    3.33897
   2.057538   3.344745
   2.055695   3.350967
   2.057119   3.355961
   2.066746   3.363838
    2.07814   3.365448
   2.076738   3.369427
   2.079399   3.742394
ST 23 0
   2.076738   3.369427
   2.065441   3.365314
   2.059919   3.361347
   2.055723   3.355732
   2.050088   3.352783
   2.050305   3.348366
   2.047765   3.345711
   2.024256   3.338993
   2.036878    3.33897
   2.057538   3.344745
   2.055695   3.350967
   2.057119   3.355961
   2.066746   3.363838
    2.07814   3.365448
   2.076738   3.369427
   2.075436   3.373119
   2.078018   3.377785
     2.0782   3.387165
   2.085294   3.381481
   2.086712   3.375133
   2.084728   3.372089
   2.076738   3.369427
   2.079399   3.742394
ST 8 0
   1.961468   3.295536
   1.949631   3.292324
   1.944548   3.287178
   1.945294   3.280739
   1.948206   3.282562
   1.949858   3.287906
   1.961468   3.295536
   2.079399   3.742394
ST 6 0
   1.967865    3.26075
   1.961283   3.257988
   1.970865   3.254005
   1.974976   3.254848
   1.967865    3.26075
   2.079399   3.742394
ST 8 0
   2.466185   3.185821
    2.46074   3.187008
   2.450448   3.183002
   2.449989    3.17979
   2.457396   3.177982
   2.465746    3.18238
   2.466185   3.185821
   2.079399   3.742394
ST 15 0
    2.09925    3.09531
   2.091813   3.093265
   2.089795   3.090008
   2.092482    3.07547
   2.085966   3.062031
   2.089865   3.060776
   2.116817    3.06567
   2.138866   3.074985
    2.16219   3.087532
   2.162046   3.089355
   2.157425   3.090133
   2.132438   3.088962
   2.110143   3.093227
    2.09925    3.09531
   2.079399   3.742394
ST 12 0
   2.083815   3.051002
   2.077291   3.047157
   2.077011    3.04121
   2.088321   3.023266
   2.098784   3.015808
   2.108843   3.013359
   2.113275   3.014858
   2.111937   3.022129
   2.101969   3.042396
   2.089986   3.049812
   2.083815   3.051002
   2.079399   3.742394
ST 13 0
   1.418991   4.116501
   1.410374   4.113628
   1.407739   4.109631
   1.402864   4.108059
   1.404851   4.101284
   1.411126    4.09446
   1.415749   4.094879
   1.419884   4.102596
   1.418917   4.104153
   1.413491   4.103928
    1.41397   4.109665
   1.418991   4.116501
   2.079399   3.742394
ST 10 0
   1.399247   4.089619
   1.395119   4.085102
   1.400236   4.081432
   1.406379   4.082146
   1.412741   4.081039
   1.413603   4.083588
   1.407298   4.087441
   1.403173   4.086128
   1.399247   4.089619
   2.079399   3.742394
ST 27 0
   1.236568   4.045532
   1.231909   4.065941
   1.236094   4.070656
   1.253585   4.082241
   1.261106   4.084789
   1.262749   4.083935
    1.25524    4.07362
   1.255208   4.066307
   1.258631   4.063232
   1.264242     4.0616
   1.278284    4.06118
   1.283257   4.058159
   1.288058   4.041424
    1.30834   4.032997
   1.310255   4.029408
   1.308206   4.026596
   1.306714   4.026207
   1.302148   4.025013
   1.291032   4.027367
   1.278781   4.025566
   1.275231   4.022244
   1.275379   4.013111
   1.270237   4.010189
   1.261676   4.010345
   1.247682   4.018074
   1.236568   4.045532
   2.079399   3.742394
ST 48 0
   1.463191   4.073223
   1.458883   4.067387
   1.462726   4.063454
   1.456391   4.060879
    1.45388   4.055233
   1.467712   4.048496
   1.468839    4.04488
   1.456107   4.023899
   1.455044   4.018841
   1.468245   4.002838
   1.469609   3.988724
   1.461363   3.985706
    1.43576   3.993523
   1.428416   4.000267
   1.426092    4.00507
   1.431992   4.016232
   1.430463   4.023949
   1.427098   4.026573
   1.415944   4.029392
   1.404578   4.042252
   1.397426   4.043835
   1.385895   4.042526
   1.377733   4.038593
   1.369521   4.027348
   1.361911   4.025715
   1.348566   4.027084
   1.333124   4.033859
   1.319408   4.046627
   1.320687   4.053669
   1.320911   4.054905
   1.329664   4.060688
    1.34553    4.06535
   1.373508    4.04987
   1.381302   4.049679
   1.397945   4.054359
   1.405874   4.052803
   1.414889   4.048084
   1.432754   4.048233
   1.444532   4.055027
   1.447144   4.060139
   1.439567   4.074043
   1.439899   4.078621
   1.442718   4.079834
   1.452017   4.074005
   1.454136   4.074135
   1.461847     4.0746
   1.463191   4.073223
   2.079399   3.742394
ST 10 0
   1.338639   3.846104
   1.335062   3.846867
   1.332145   3.845371
   1.333743   3.841778
   1.338725    3.83902
   1.344668   3.837898
   1.352591   3.839607
   1.352756   3.841442
   1.338639   3.846104
   2.079399   3.742394
ST 12 0
   1.312386    3.83234
   1.311818   3.837414
   1.308494   3.840122
    1.30532   3.840313
   1.304873   3.835045
   1.312386    3.83234
   1.312942   3.828133
   1.320916   3.824097
   1.325061   3.824032
    1.32472   3.825626
   1.312386    3.83234
   2.079399   3.742394
ST 12 0
   1.312386    3.83234
   1.312942   3.828133
   1.320916   3.824097
   1.325061   3.824032
    1.32472   3.825626
   1.312386    3.83234
   1.311818   3.837414
   1.308494   3.840122
    1.30532   3.840313
   1.304873   3.835045
   1.312386    3.83234
   2.079399   3.742394
ST 6 0
   0.989571    3.82299
   0.991645   3.824913
   0.997475   3.821747
   0.994217       3.82
   0.989571    3.82299
   2.079399   3.742394
ST 25 0
    1.47074   3.864513
   1.454978   3.859413
   1.453368   3.852051
   1.447682   3.846832
   1.443231   3.844856
   1.419503    3.84222
   1.415143   3.839333
   1.414637   3.836571
   1.418166   3.832123
    1.43143   3.822983
   1.444115   3.819759
   1.456579    3.81881
   1.468009   3.820568
   1.481228   3.827866
   1.478346   3.833706
   1.483437   3.837078
   1.510425   3.837978
   1.519506   3.840111
   1.522244   3.843857
   1.521126   3.847473
   1.516065   3.851872
    1.50393   3.857407
   1.482707   3.860806
    1.47074   3.864513
   2.079399   3.742394
ST 11 0
   1.295632   3.824146
   1.296499   3.813892
    1.29444   3.811749
   1.301234   3.809979
   1.304698   3.812367
   1.314726   3.807751
   1.314505   3.810486
   1.301745   3.818462
    1.30009    3.82251
   1.295632   3.824146
   2.079399   3.742394
ST 6 0
   1.266068   3.809612
   1.264067   3.807011
   1.270364   3.806141
   1.274046   3.807671
   1.266068   3.809612
   2.079399   3.742394
ST 13 0
   1.369304   3.778122
   1.364716   3.777702
   1.362379   3.758625
   1.366663   3.755146
   1.372512   3.754707
   1.374846   3.757778
    1.37254   3.760883
   1.378722   3.764118
   1.377351   3.772289
   1.373727    3.77351
   1.374633   3.775604
   1.369304   3.778122
   2.079399   3.742394
EF
NF 2 124
FS 1032 0 0 0
ST 13 0
   1.369304   3.778122
   1.364716   3.777702
   1.362379   3.758625
   1.366663   3.755146
   1.372512   3.754707
   1.374846   3.757778
    1.37254   3.760883
   1.378722   3.764118
   1.377351   3.772289
   1.373727    3.77351
   1.374633   3.775604
   1.369304   3.778122
   2.079399   3.742394
ST 1 1
   1.369304   3.778122
EF
NF 3 124
FS 1032 0 0 0
ST 3 0
   1.369304   3.778122
   1.364716   3.777702
   1.362379   3.758625
EF
EO
EM
EJ
