RA      100.0      338.0      100.0      900.0
MH 174 0
            0            0            0            0            0            0
            0            0            0            0            0            0
            0            0            0            0            0            0
            0            0            0            0            0            0
            0            0            0            0            0            0
            0            0            0            0            0            0
            0            0            0            0            0            0
            0            0            0            0            0            0
            0            0            0            0            0            0
            0            0            0            0            0            0
            0            0            0            0            0            0
            0            0            0            0            0            0
            0            0            0            0            0            0
            0            0            0            0            0            0
            0            0            0            0            0            0
            0            0            0            0            0            0
            0            0            0            0            0            0
            0            0            0            0            0            0
            0            0            0            0            0            0
            0            0            0            0            0            0
            0            0            0            0            0            0
            0            0            0            0            0            0
            0            0            0            0            0            0
            0            0            0            0            0            0
            0            0            0            0            0            0
            0            0            0            0            0            0
            0            0            0            0            0            0
            0            0            0            0            0            0
            0            0            0            0            0            0
!MD LO   20000.0000000000   30000.0000000000
!   SC   50000.0000000000
!   PR   0
!   UN   0
!   SP   0
MD            2   1073760156            0   1610631146
              0   1342195779            0            0            0            0
              0            0            0            0            0            0
              0            0            0            0            0            0
              0            0            0            0            0            0
              0            0            0            0            0            0
              0            0            0            0            0            0
              0            0            0            0            0            0
              0            0            0            0            0            0
              0            0            0            0            0            0
              0            0            0            0            0            0
              0            0            0            0            0            0
              0            0            0            0            0            0
              0            0            0            0            0            0
              0            0            0            0            0            0
              0            0            0            0            0            0
              0            0            0            0            0            0
NS created by IFROMTEXT at 16:44:44 on  6-AUG-90
CC   .00000000E 000  .00000000E 000
     .10000000E 001  .00000000E 000
     .00000000E 000  .10000000E 001
     .00000000E 000  .00000000E 000
     .00000000E 000  .00000000E 000
     .00000000E 000  .00000000E 000
     .00000000E 000  .00000000E 000
     .00000000E 000  .00000000E 000
     .00000000E 000  .00000000E 000
     .00000000E 000  .00000000E 000
CP        0.0     1000.0        0.0     1000.0
          0.0        0.0        0.0        0.0
       1000.0        0.0     1000.0        0.0
       1000.0     1000.0     1000.0     1000.0
NO 1 0
NF 101 1
FS 101 0 0 0
CB FL 0
   GT 1
   NR 5
   NC 5
   NA 0
   HC 91 92 93 1001 1002
   DA 100.0 300.0 100.0 "S   "          1
      200.0 300.0 200.0 "Y   "          2
      100.0 400.0 100.0 "S   "          3
      200.0 600.0 100.0 ""          4
      300.0 900.0 100.0 ""          5
EF
NF 102 2
FS 102 0 0 0
CB FL 0
   GT 1
   NR 5
   NC 5
   NA 0
   HC 91 92 93 1001 1002
   DA 100.0 300.0 100.0 "S   "          1
      200.0 300.0 200.0 "Y   "          2
      100.0 400.0 100.0 "S   "          3
      200.0 600.0 100.0 ""          4
      300.0 900.0 100.0 ""          5
EF
NF 201 3
FS 201 0 0 0
CB FL 0
   GT 1
   NR 3
   NC 2
   NA 0
   HC 91 92
   DA 100.0 500.0
      200.0 400.0
      300.0 500.0
EF
NF 202 4
FS 202 0 0 0
CB FL 0
   GT 1
   NR 3
   NC 2
   NA 0
   HC 91 92
   DA 100.0 500.0
      200.0 400.0
      300.0 500.0
EF
NF 301 5
FS 301 0 0 0
CB FL 0
   GT 1
   NR 4
   NC 2
   NA 0
   HC 91 92
   DA 100.0 600.0
      200.0 600.0
      200.0 500.0
      100.0 500.0
EF
NF 302 6
FS 302 0 0 0
CB FL 0
   GT 1
   NR 4
   NC 2
   NA 0
   HC 91 92
   DA 100.0 600.0
      200.0 600.0
      200.0 500.0
      100.0 500.0
EF
NF 401 7
FS 401 0 0 0
AC 2          25
AC 1003 90.0
AC 1004 -90.0
CB FL 0
   GT 6
   NR 5
   NC 2
   NA 0
   HC 91 92
   DA 244.0 213.0
      235.0 280.0
      321.0 299.0
      338.0 215.0
      244.0 213.0
EF
NF 402 8
FS 402 0 0 0
AC 2          25
AC 1003 90.0
AC 1004 -90.0
CB FL 0
   GT 6
   NR 5
   NC 2
   NA 0
   HC 91 92
   DA 244.0 213.0
      235.0 280.0
      321.0 299.0
      338.0 215.0
      200.0 200.0
EF
NF 403 9
FS 403 0 0 0
AC 2          25
AC 1003 90.0
AC 1004 -90.0
CB FL 0
   GT 6
   NR 5
   NC 2
   NA 0
   HC 91 92
   DA 244.0 213.0
      235.0 280.0
      321.0 299.0
      338.0 215.0
      200.0 200.0
EF
NF 404 10
FS 404 0 0 0
AC 2          25
AC 1003 90.0
AC 1004 -90.0
CB FL 0
   GT 6
   NR 5
   NC 2
   NA 0
   HC 91 92
   DA 244.0 213.0
      235.0 280.0
      321.0 299.0
      338.0 215.0
      200.0 200.0
EF
NF 501 11
FS 501 0 -32768 0
CB FL 0
   GT 1
   NR 1
   NC 2
   NA 0
   HC 91 92
   DA 100.0 700.0
RO 0.0
TX example text
EF
NF 502 12
FS 502 0 -32768 0
CB FL 0
   GT 1
   NR 1
   NC 2
   NA 0
   HC 91 92
   DA 100.0 700.0
RO 0.0
TX 123/45
EF
NF 503 13
FS 502 0 -32768 0
AC 1005         150
AC 1006         100
CB FL 0
   GT 1
   NR 1
   NC 2
   NA 0
   HC 91 92
   DA 100.0 700.0
RO 0.0
TX 123/45
EF
NF 504 14
FS 502 0 -32768 0
CB FL 0
   GT 1
   NR 1
   NC 2
   NA 0
   HC 91 92
   DA 100.0 700.0
RO 0.0
TX 123
EF
NF 505 15
FS 502 0 -32768 0
CB FL 0
   GT 1
   NR 1
   NC 2
   NA 0
   HC 91 92
   DA 100.0 700.0
RO 0.0
TX /45
EF
NF 506 16
FS 502 0 -32768 0
CB FL 0
   GT 1
   NR 1
   NC 2
   NA 0
   HC 91 92
   DA 100.0 700.0
RO 0.0
TX wrong
EF
NF 601 17
FS 601 0 16384 0
CB FL 0
   GT 1
   NR 1
   NC 2
   NA 0
   HC 91 92
   DA 100.0 100.0
EF
NF 602 18
FS 602 0 16384 0
CB FL 0
   GT 1
   NR 1
   NC 2
   NA 0
   HC 91 92
   DA 100.0 100.0
EF
NF 603 19
FS 603 0 16384 0
CB FL 0
   GT 1
   NR 2
   NC 2
   NA 0
   HC 91 92
   DA 100.0 100.0
      200.0 200.0
EF
EO
EM
EJ
