RA      100.0      338.0      100.0      900.0
MH 174 0
            0            0            0            0            0            0
            0            0            0            0            0            0
            0            0            0            0            0            0
            0            0            0            0            0            0
            0            0            0            0            0            0
            0            0            0            0            0            0
            0            0            0            0            0            0
            0            0            0            0            0            0
            0            0            0            0            0            0
            0            0            0            0            0            0
            0            0            0            0            0            0
            0            0            0            0            0            0
            0            0            0            0            0            0
            0            0            0            0            0            0
            0            0            0            0            0            0
            0            0            0            0            0            0
            0            0            0            0            0            0
            0            0            0            0            0            0
            0            0            0            0            0            0
            0            0            0            0            0            0
            0            0            0            0            0            0
            0            0            0            0            0            0
            0            0            0            0            0            0
            0            0            0            0            0            0
            0            0            0            0            0            0
            0            0            0            0            0            0
            0            0            0            0            0            0
            0            0            0            0            0            0
            0            0            0            0            0            0
!MD LO  0.000000000000000  0.000000000000000
!   SC  0.000000000000000
!   PR   0
!   UN   0
!   SP   0
LO 20000 30000
SC 50000
MD            2            0            0            0
              0            0            0            0            0            0
              0            0            0            0            0            0
              0            0            0            0            0            0
              0            0            0            0            0            0
              0            0            0            0            0            0
              0            0            0            0            0            0
              0            0            0            0            0            0
              0            0            0            0            0            0
              0            0            0            0            0            0
              0            0            0            0            0            0
              0            0            0            0            0            0
              0            0            0            0            0            0
              0            0            0            0            0            0
              0            0            0            0            0            0
              0            0            0            0            0            0
              0            0            0            0            0            0
NS created by IFROMTEXT at 16:44:44 on  6-AUG-90
CC   .00000000E 000  .00000000E 000
     .10000000E 001  .00000000E 000
     .00000000E 000  .10000000E 001
     .00000000E 000  .00000000E 000
     .00000000E 000  .00000000E 000
     .00000000E 000  .00000000E 000
     .00000000E 000  .00000000E 000
     .00000000E 000  .00000000E 000
     .00000000E 000  .00000000E 000
     .00000000E 000  .00000000E 000
CP        0.0     1000.0        0.0     1000.0
          0.0        0.0        0.0        0.0
       1000.0        0.0     1000.0        0.0
       1000.0     1000.0     1000.0     1000.0
NO 1 0
!***************************************************************************
NF 1002 1
FS 101 0 0 0
AC 1007 "ustx" "This is a another test with an even longer string value"
CB FL 0
   GT 1
   NR 5
   NC 4
   NA 4
   AT 1001 "Y   "
   AT 1007 "tst1"
   AT 1008 49
   AT 1009 88.76
   HC 91 92 93 1002
   DA 100.0 300.0 100.0          1
      200.0 300.0 200.0          2
      100.0 400.0 100.0          3
      200.0 600.0 100.0          4
      300.0 900.0 100.0          5
EF
NF 1001 1
FS 101 0 0 0
AC 1007 "USTX" "This is a test"
AC 1008 42
AC 1009 99.908
CB FL 0
   GT 1
   NR 5
   NC 5
   NA 0
   HC 91 92 93 1001 1002
   DA 100.0 300.0 100.0 "S   "          1
      200.0 300.0 200.0 "Y   "          2
      100.0 400.0 100.0 "S   "          3
      200.0 600.0 100.0 ""          4
      300.0 900.0 100.0 ""          5
EF

NF 1 6
FS 302 0 0 0
CB FL 0
   GT 1
   NR 61
   NC 2
   NA 0
   HC 91 92
   DA 	100.0 100.0
	200.0 100.0
	300.0 100.0
	400.0 100.0
	500.0 100.0
	600.0 100.0
	700.0 100.0
	800.0 100.0
	900.0 100.0
	1000.0 100.0
	1100.0 100.0
	1200.0 100.0
	1300.0 100.0
	1400.0 100.0
	1500.0 100.0
	1600.0 100.0
	1700.0 100.0
	1800.0 100.0
	1900.0 100.0
	2000.0 100.0
	2100.0 100.0
	2200.0 100.0
	2300.0 100.0
	2400.0 100.0
	2500.0 100.0
	2600.0 100.0
	2700.0 100.0
	2800.0 100.0
	2900.0 100.0
	3000.0 100.0
	3100.0 100.0
	3200.0 100.0
	3300.0 100.0
	3400.0 100.0
	3500.0 100.0
	3600.0 100.0
	3700.0 100.0
	3800.0 100.0
	3900.0 100.0
	4000.0 100.0
	4100.0 100.0
	4200.0 100.0
	4300.0 100.0
	4400.0 100.0
	4500.0 100.0
	4600.0 100.0
	4700.0 100.0
	4800.0 100.0
	4900.0 100.0
	5000.0 100.0
	5100.0 100.0
	5200.0 100.0
	5300.0 100.0
	5400.0 100.0
	5500.0 100.0
	5600.0 100.0
	5700.0 100.0
	5800.0 100.0
	5900.0 100.0
	6000.0 100.0
	6100.0 200.0
EF

NO 1 0
NF 2 6
FS 102 0 0 0
AC 2 25
CB FL 0
   GT 1
   NR 200
   NC 2
   NA 0
   HC 91 92
   DA 	100.0 100.0
	200.0 100.0
	300.0 100.0
	400.0 100.0
	500.0 100.0
	600.0 100.0
	700.0 100.0
	800.0 100.0
	900.0 100.0
	1000.0 100.0
	1100.0 100.0
	1200.0 100.0
	1300.0 100.0
	1400.0 100.0
	1500.0 100.0
	1600.0 100.0
	1700.0 100.0
	1800.0 100.0
	1900.0 100.0
	2000.0 100.0
	2100.0 100.0
	2200.0 100.0
	2300.0 100.0
	2400.0 100.0
	2500.0 100.0
	2600.0 100.0
	2700.0 100.0
	2800.0 100.0
	2900.0 100.0
	3000.0 100.0
	3100.0 100.0
	3200.0 100.0
	3300.0 100.0
	3400.0 100.0
	3500.0 100.0
	3600.0 100.0
	3700.0 100.0
	3800.0 100.0
	3900.0 100.0
	4000.0 100.0
	4100.0 100.0
	4200.0 100.0
	4300.0 100.0
	4400.0 100.0
	4500.0 100.0
	4600.0 100.0
	4700.0 100.0
	4800.0 100.0
	4900.0 100.0
	5000.0 100.0
	5100.0 100.0
	5200.0 100.0
	5300.0 100.0
	5400.0 100.0
	5500.0 100.0
	5600.0 100.0
	5700.0 100.0
	5800.0 100.0
	5900.0 100.0
	6000.0 100.0
	6100.0 200.0
	6200.0 100.0
	6300.0 100.0
	6400.0 100.0
	6500.0 100.0
	6600.0 100.0
	6700.0 100.0
	6700.0 100.0
	6800.0 100.0
	6900.0 100.0
	7000.0 100.0
	7100.0 100.0
	7200.0 100.0
	7300.0 100.0
	7400.0 100.0
	7500.0 100.0
	7600.0 100.0
	7700.0 100.0
	7800.0 100.0
	7900.0 100.0
	8000.0 100.0
	8100.0 100.0
	8200.0 100.0
	8300.0 100.0
	8400.0 100.0
	8500.0 100.0
	8600.0 100.0
	8700.0 100.0
	8800.0 100.0
	8900.0 100.0
	9000.0 100.0
	9100.0 100.0
	9200.0 100.0
	9300.0 100.0
	9400.0 100.0
	9500.0 100.0
	9600.0 100.0
	9700.0 100.0
	9800.0 100.0
	9900.0 100.0
	10000.0 100.0
	10100.0 100.0
	10200.0 100.0
	10300.0 100.0
	10400.0 100.0
	10500.0 100.0
	10600.0 100.0
	10700.0 100.0
	10800.0 100.0
	10900.0 100.0
	11000.0 100.0
	11100.0 100.0
	11200.0 100.0
	11300.0 100.0
	11400.0 100.0
	11500.0 100.0
	11600.0 100.0
	11700.0 100.0
	11800.0 100.0
	11900.0 100.0
	12000.0 100.0
	12100.0 100.0
	12200.0 100.0
	12300.0 100.0
	12400.0 100.0
	12500.0 100.0
	12600.0 100.0
	12700.0 100.0
	12800.0 100.0
	12900.0 100.0
	13000.0 100.0
	13100.0 100.0
	13200.0 100.0
	13300.0 100.0
	13400.0 100.0
	13500.0 100.0
	13600.0 100.0
	13700.0 100.0
	13800.0 100.0
	13900.0 100.0
	14000.0 100.0
	14100.0 100.0
	14200.0 100.0
	14300.0 100.0
	14400.0 100.0
	14500.0 100.0
	14600.0 100.0
	14700.0 100.0
	14800.0 100.0
	14900.0 100.0
	15000.0 100.0
	15100.0 100.0
	15200.0 100.0
	15300.0 100.0
	15400.0 100.0
	15500.0 100.0
	15600.0 100.0
	15700.0 100.0
	15800.0 100.0
	15900.0 100.0
	16000.0 100.0
	16100.0 100.0
	16200.0 100.0
	16300.0 100.0
	16400.0 100.0
	16500.0 100.0
	16600.0 100.0
	16700.0 100.0
	16800.0 100.0
	16900.0 100.0
	17000.0 100.0
	17100.0 100.0
	17200.0 100.0
	17300.0 100.0
	17400.0 100.0
	17500.0 100.0
	17600.0 100.0
	17700.0 100.0
	17800.0 100.0
	17900.0 100.0
	18000.0 100.0
	18100.0 100.0
	18200.0 100.0
	18300.0 100.0
	18400.0 100.0
	18500.0 100.0
	18600.0 100.0
	18700.0 100.0
	18800.0 100.0
	18900.0 100.0
	19000.0 100.0
	19100.0 100.0
	19200.0 100.0
	19300.0 100.0
	19400.0 100.0
	19500.0 100.0
	19600.0 100.0
	19700.0 100.0
	19800.0 100.0
	19900.0 100.0
CB FL 1
   GT 1
   NR 1
   NC 2
   NA 0
   HC 91 92
   DA 	0000.0 200.0
EF
!***************************************************************************
NF 101 1
FS 101 0 0 0
CB FL 0
   GT 1
   NR 5
   NC 5
   NA 0
   HC 91 92 93 1001 1002
   DA 100.0 300.0 100.0 "S   "          1
      200.0 300.0 200.0 "Y   "          2
      100.0 400.0 100.0 "S   "          3
      200.0 600.0 100.0 ""          4
      300.0 900.0 100.0 ""          5
EF
NF 102 2
FS 102 0 0 0
CB FL 0
   GT 1
   NR 5
   NC 5
   NA 0
   HC 91 92 93 1001 1002
   DA 100.0 300.0 100.0 "S   "          1
      200.0 300.0 200.0 "Y   "          2
      100.0 400.0 100.0 "S   "          3
      200.0 600.0 100.0 ""          4
      300.0 900.0 100.0 ""          5
EF
NF 103 2
FS 102 0 0 0
CB FL 0
   GT 1
   NR 5
   NC 5
   NA 0
   HC 91 92 93 1001 1002
   DA 100.0 300.0 100.0 "S   "          1
      200.0 300.0 200.0 "Y   "          2
      100.0 400.0 100.0 "S   "          3
      200.0 600.0 100.0 ""          4
      100.0 300.0 100.0 ""          5
EF
!***************************************************************************
NF 201 3
FS 201 0 0 0
CB FL 0
   GT 1
   NR 3
   NC 2
   NA 0
   HC 91 92
   DA 100.0 500.0
      200.0 400.0
      300.0 500.0
EF
NF 202 4
FS 202 0 0 0
CB FL 0
   GT 1
   NR 3
   NC 2
   NA 0
   HC 91 92
   DA 100.0 500.0
      200.0 400.0
      300.0 500.0
EF
NF 203 4
FS 203 0 0 0
CB FL 0
   GT 1
   NR 3
   NC 2
   NA 0
   HC 91 92
   DA 100.0 500.0
      200.0 541.0
      300.0 500.0
EF
NF 204 4
FS 203 0 0 0
CB FL 0
   GT 1
   NR 3
   NC 2
   NA 0
   HC 91 92
   DA 300.0 500.0
      200.0 541.0
      100.0 500.0
EF
NF 205 4
FS 203 0 0 0
CB FL 0
   GT 1
   NR 3
   NC 2
   NA 0
   HC 91 92
   DA 200.0 200.0
      200.0 300.0
      000.0 000.0
EF
!***************************************************************************
NF 301 5
FS 301 0 0 0
CB FL 0
   GT 1
   NR 4
   NC 2
   NA 0
   HC 91 92
   DA 100.0 600.0
      200.0 600.0
      200.0 500.0
      100.0 500.0
EF

NF 302 6
FS 302 0 0 0
CB FL 0
   GT 1
   NR 4
   NC 2
   NA 0
   HC 91 92
   DA 100.0 600.0
      200.0 600.0
      200.0 500.0
      100.0 500.0
EF


!***************************************************************************
NF 401 7
FS 401 0 0 0
AC 2          25
AC 1003 90.0
AC 1004 -90.0
CB FL 0
   GT 6
   NR 5
   NC 2
   NA 0
   HC 91 92
   DA 244.0 213.0
      235.0 280.0
      321.0 299.0
      338.0 215.0
      244.0 213.0
EF
NF 402 8
FS 402 0 0 0
AC 2          25
AC 1003 90.0
AC 1004 -90.0
CB FL 0
   GT 6
   NR 5
   NC 2
   NA 0
   HC 91 92
   DA 244.0 213.0
      235.0 280.0
      321.0 299.0
      338.0 215.0
      200.0 200.0
EF
NF 403 9
FS 403 0 0 0
AC 2          25
AC 1003 90.0
AC 1004 -90.0
CB FL 0
   GT 6
   NR 5
   NC 2
   NA 0
   HC 91 92
   DA 244.0 213.0
      235.0 280.0
      321.0 299.0
      338.0 215.0
      200.0 200.0
EF
NF 404 10
FS 404 0 0 0
AC 2          25
AC 1003 90.0
AC 1004 -90.0
CB FL 0
   GT 6
   NR 5
   NC 2
   NA 0
   HC 91 92
   DA 244.0 213.0
      235.0 280.0
      321.0 299.0
      338.0 215.0
      200.0 200.0
EF

NF 410 7
FS 401 0 0 0
AC 2          25
AC 1003 90.0
AC 1004 -90.0
CB FL 0
   GT 6
   NR 150
   NC 2
   NA 0
   HC 91 92
   DA 100.0 100.0
	200.0 200.0
	300.0 200.0
	400.0 200.0
	500.0 200.0
	600.0 200.0
	700.0 200.0
	800.0 200.0
	900.0 200.0
	1000.0 200.0
	1100.0 200.0
	1200.0 200.0
	1300.0 200.0
	1400.0 200.0
	1500.0 200.0
	1600.0 200.0
	1700.0 200.0
	1800.0 200.0
	1900.0 200.0
	2000.0 200.0
	2100.0 200.0
	2200.0 200.0
	2300.0 200.0
	2400.0 200.0
	2500.0 200.0
	2600.0 200.0
	2700.0 200.0
	2800.0 200.0
	2900.0 200.0
	3000.0 200.0
	3100.0 200.0
	3200.0 200.0
	3300.0 200.0
	3400.0 200.0
	3500.0 200.0
	3600.0 200.0
	3700.0 200.0
	3800.0 200.0
	3900.0 200.0
	4000.0 200.0
	4100.0 200.0
	4200.0 200.0
	4300.0 200.0
	4400.0 200.0
	400.0 200.0
	4600.0 200.0
	4700.0 200.0
	4800.0 200.0
	4900.0 200.0
	5000.0 200.0
	5100.0 200.0
	5200.0 200.0
	5300.0 200.0
	5400.0 200.0
	5500.0 200.0
	5600.0 200.0
	5700.0 200.0
	5800.0 200.0
	5900.0 200.0
	6000.0 200.0
	6100.0 200.0
	6200.0 200.0
	6300.0 200.0
	6400.0 200.0
	6500.0 200.0
	6600.0 200.0
	6700.0 200.0
	6800.0 200.0
	6900.0 200.0
	7000.0 200.0
	7100.0 200.0
	7200.0 200.0
	7300.0 200.0
	7400.0 200.0
	7500.0 200.0
	7600.0 200.0
	7700.0 200.0
	7800.0 200.0
	7900.0 200.0
	8000.0 200.0
	8100.0 200.0
	8200.0 200.0
	8300.0 200.0
	8400.0 200.0
	8500.0 200.0
	8600.0 200.0
	8700.0 200.0
	8800.0 200.0
	8900.0 200.0
	9000.0 200.0
	9100.0 200.0
	9200.0 200.0
	9300.0 200.0
	9400.0 200.0
	9500.0 200.0
	9600.0 200.0
	9700.0 200.0
	9800.0 200.0
	9900.0 200.0
	10000.0 200.0
	10100.0 200.0
	10200.0 200.0
	10300.0 200.0
	10400.0 200.0
	10500.0 200.0
	10600.0 200.0
	10700.0 200.0
	10800.0 200.0
	10900.0 200.0
	11000.0 200.0
	11100.0 200.0
	11200.0 200.0
	11300.0 200.0
	11400.0 200.0
	11500.0 200.0
	11600.0 200.0
	11700.0 200.0
	11800.0 200.0
	11900.0 200.0
	12000.0 200.0
	12100.0 200.0
	12200.0 200.0
	12300.0 200.0
	12400.0 200.0
	12500.0 200.0
	12600.0 200.0
	12700.0 200.0
	12800.0 200.0
	12900.0 200.0
	13000.0 200.0
	13100.0 200.0
	13200.0 200.0
	13300.0 200.0
	13400.0 200.0
	13500.0 200.0
	13600.0 200.0
	13700.0 200.0
	13800.0 200.0
	13900.0 200.0
	14000.0 200.0
	14100.0 200.0
	14200.0 200.0
	14300.0 200.0
	14400.0 200.0
	14500.0 200.0
	14600.0 200.0
	14700.0 200.0
	14800.0 200.0
	14900.0 200.0
	15000.0 400.0
EF

!***************************************************************************
NF 501 11
FS 501 0 -32768 0
TH 35
CB FL 0
   GT 1
   NR 1
   NC 2
   NA 0
   HC 91 92
   DA 100.0 700.0
RO 0.0
TX example text
EF
NF 502 12
FS 502 0 -32768 0
TH 25
CB FL 0
   GT 1
   NR 1
   NC 2
   NA 0
   HC 91 92
   DA 100.0 700.0
RO 1.047197551
TX 123/45
EF

NF 503 13
FS 502 0 -32768 0
AC 1005         150
AC 1006         100
TH 25
CB FL 0
   GT 1
   NR 1
   NC 2
   NA 0
   HC 91 92
   DA 100.0 700.0
RO 0.0
TX 123/45
EF

NF 504 14
FS 502 0 -32768 0
TH 25
CB FL 0
   GT 1
   NR 1
   NC 2
   NA 0
   HC 91 92
   DA 100.0 700.0
RO 0.0
TX 123
EF

NF 505 15
FS 502 0 -32768 0
TH 25
CB FL 0
   GT 1
   NR 1
   NC 2
   NA 0
   HC 91 92
   DA 100.0 700.0
RO 0.0
TX /45
EF
NF 506 16
FS 502 0 -32768 0
TH 99
CB FL 0
   GT 1
   NR 1
   NC 2
   NA 0
   HC 91 92
   DA 100.0 700.0
RO 0.0
TX wrong
EF
!***************************************************************************
NF 601 17
FS 601 0 16384 0
CB FL 0
   GT 1
   NR 1
   NC 2
   NA 0
   HC 91 92
   DA 100.0 100.0
EF

NF 602 18
FS 602 0 16384 0
RO 1.047197551
CB FL 0
   GT 1
   NR 1
   NC 2
   NA 0
   HC 91 92
   DA 100.0 100.0
EF

NF 603 19
FS 603 0 16384 0
RO 70
CB FL 0
   GT 1
   NR 2
   NC 2
   NA 0
   HC 91 92
   DA 100.0 100.0
      200.0 200.0
EF

NF 604 19
FS 604 0 16384 0
RO 70
CB FL 0
   GT 1
   NR 2
   NC 2
   NA 0
   HC 91 92
   DA 100.0 100.0
      200.0 200.0
EF

NF 701 1
FS 701 0 0 0
CB FL 0
   GT 11
   NR 5
   NC 2
   NA 0
   HC 91 92
   DA 100.0 300.0 
      200.0 300.0 
      100.0 400.0 
      200.0 600.0 
      300.0 900.0 
EF

EO
EM
EJ
