MASTER    
MASTERBLOC       1234
     180000.0000     560000.0000     200000.0000     580000.0000
EOS       
LOGIC     
LOGICBLOCK       5678MASTERBLOC       1234
POINT     
    6    5     200000.0000     580000.0000          0.0000          0.0000
POINT     
    6    5     200000.0000     570000.0000          0.0000          0.0000
POINT     
    6    5     200000.0000     560000.0000          0.0000          0.0000
POINT     
    6    5     190000.0000     560000.0000          0.0000          0.0000
POINT     
    6    5     190000.0000     570000.0000          0.0000          0.0000
POINT     
    6    5     180000.0000     580000.0000          0.0000          0.0000
POINT     
    6    5     180000.0000     570000.0000          0.0000          0.0000
POINT     
    6    5     180000.0000     560000.0000          0.0000          0.0000
TEXT      
    7   18    0    0    1     198813.5940     571433.9380          0.0000
    2
59                                      
POINT     
    6    2     198813.5940     571433.9380         59.0000          0.0000
POLYGON   
    2    5    0    0         20.0000
     199995.8590     572858.6250     200000.0000     572860.1250
POLYGON   
   27    5    0    0         30.0000
     199439.0780     572453.3750     199488.6250     572427.6250
     199508.9840     572433.1250     199521.5310     572445.5630
     199531.6720     572475.5000     199549.2970     572502.9380
     199556.7660     572495.4380     199566.5940     572457.8750
     199571.4220     572420.3750     199601.1410     572360.3130
     199611.1880     572370.2500     199611.2500     572385.2500
     199641.4530     572430.1250     199646.6090     572465.0630
     199634.2810     572502.6250     199636.9380     572535.1250
     199692.1880     572592.3750     199709.9060     572642.2500
     199732.5160     572664.6880     199760.0780     572679.5630
     199790.0630     572676.9380     199849.9380     572651.7500
     199864.9530     572654.1880     199870.0940     572686.6250
     199882.6880     572706.5630     199965.5470     572788.7500
     200000.0000     572805.8130
POLYGON   
   22    5    0    0         40.0000
     199717.7810     572174.8750     199722.8590     572192.3750
     199720.5000     572222.3750     199713.0780     572239.8750
     199725.7190     572269.8130     199742.7660     572409.5630
     199759.0470     572454.6250     199764.3440     572517.1250
     199786.9380     572539.5000     199796.9380     572539.5000
     199809.3750     572526.9380     199841.9690     572419.5000
     199853.7810     572396.8130     199886.1560     572371.6880
     199901.1720     572374.1250     199908.7500     572391.5630
     199911.3910     572421.5630     199936.7970     572511.4380
     199964.4530     572546.3130     199964.7030     572601.3130
     199984.9840     572663.6880     200000.0000     572678.5630
POLYGON   
   32    5    0    0         10.0000
     199439.3280     572505.8750     199471.6090     572492.8750
     199491.7660     572495.6880     199514.3280     572508.0630
     199521.8910     572523.0630     199536.2500     572582.6250
     199544.7030     572592.9380     199549.8280     572620.4380
     199549.9530     572645.3750     199535.0780     572672.9380
     199540.1410     572687.9380     199557.6410     572687.8750
     199567.5470     572667.8130     199582.5160     572660.2500
     199602.5160     572660.1880     199620.0310     572667.6250
     199629.2500     572730.2500     199642.8750     572742.5000
     199657.9690     572762.4380     199690.4840     572767.3130
     199751.3750     572861.7500     199780.9530     572871.9380
     199826.0310     572891.7500     199841.0160     572886.6880
     199863.4380     572871.6250     199876.5160     572843.2500
     199908.3910     572858.9380     199943.3750     572858.8130
     199960.9530     572876.2500     199963.5160     572891.1880
     199976.0780     572903.6880     200000.0000     572905.1880
POLYGON   
   21    5    0    0         20.0000
     199439.2030     572480.8750     199491.0310     572447.4380
     199509.0940     572455.6250     199542.0470     572525.3750
     199547.0160     572550.4380     199564.6410     572580.3750
     199574.7810     572610.3130     199574.9060     572637.8130
     199589.9380     572642.7500     199612.4220     572642.6880
     199629.8910     572635.1250     199639.9380     572645.0630
     199650.1250     572687.5000     199667.7500     572714.9380
     199741.5630     572788.6250     199805.9380     572836.6880
     199838.1880     572816.7500     199878.1880     572816.5630
     199903.2340     572828.9380     199965.5940     572842.1880
     199995.8590     572858.6250
POLYGON   
    9    5    0    0         40.0000
     199439.0160     572438.3750     199449.0000     572435.8750
     199463.8910     572410.8130     199508.9220     572412.1880
     199518.8750     572408.1250     199521.1720     572365.6250
     199505.9530     572315.6880     199470.7660     572273.3130
     199438.2190     572263.4380
POLYGON   
   25    5    0    0         70.0000
     199432.5160     571013.8750     199477.0780     570980.8130
     199512.2810     570963.5630     199534.6720     570938.4380
     199557.1880     570943.3750     199644.8280     570978.0000
     199684.8280     570977.8750     199714.7660     570962.7500
     199727.2660     570965.1880     199769.8910     570995.0000
     199779.9690     571010.0000     199805.2970     571082.3750
     199883.1410     571159.5630     199893.2500     571184.5000
     199883.3750     571212.0000     199848.5780     571254.6250
     199791.3130     571307.3750     199771.4530     571334.9380
     199761.6560     571379.9380     199774.2970     571412.3750
     199809.4380     571444.7500     199872.0780     571474.5000
     199909.5940     571481.8130     199969.6250     571489.1250
     200000.0000     571489.0000
POLYGON   
   26    5    0    0         60.0000
     199433.0630     571133.8130     199443.0470     571128.7500
     199490.6250     571114.0630     199555.4840     571118.3130
     199630.5940     571091.1880     199665.3590     571092.9380
     199695.4840     571122.8130     199718.1250     571152.6880
     199713.2190     571175.1880     199698.2970     571190.2500
     199655.8440     571200.4380     199648.3910     571207.9380
     199636.1250     571260.5000     199609.7810     571301.1880
     199598.9380     571328.1250     199604.1560     571375.5630
     199629.3130     571412.9380     199649.3590     571422.8750
     199691.9060     571435.1880     199792.1880     571497.3130
     199867.3440     571534.5000     199905.0160     571574.3130
     199934.5000     571597.5000     199947.6090     571594.1880
     199985.0000     571571.5000     200000.0000     571580.6250
POLYGON   
   54    5    0    0         50.0000
     200000.0000     572151.6880     199976.7810     572101.6880
     199962.3910     572093.9380     199938.0630     572073.1880
     199920.4690     572048.5630     199877.1880     572046.8130
     199854.6560     572039.3750     199806.9690     571999.5630
     199789.3590     571974.6880     199779.3440     571969.6880
     199712.0630     572017.4380     199682.1090     572027.5630
     199637.1250     572027.7500     199564.4690     571993.0630
     199546.8910     571975.6250     199541.8130     571958.1250
     199539.0160     571893.1880     199543.9060     571868.1880
     199572.3130     571818.7500     199586.0780     571798.0000
     199630.8130     571740.3750     199645.7660     571730.3130
     199670.7660     571732.6880     199733.5000     571784.9380
     199756.0630     571797.3750     199808.7810     571849.6250
     199868.2970     571818.7500     199876.0310     571794.3750
     199878.4530     571776.8750     199898.6720     571719.5000
     199893.0940     571699.3130     199878.0310     571684.3750
     199862.9380     571664.5000     199852.7340     571619.5000
     199840.0630     571582.0630     199825.0000     571567.1250
     199794.9530     571554.7500     199728.1250     571506.3130
     199697.2030     571497.6880     199642.1560     571487.8750
     199589.6410     571483.0630     199577.1880     571493.1250
     199564.8130     571518.1880     199547.4380     571545.7500
     199535.0630     571573.2500     199533.6880     571655.7500
     199522.9690     571663.3130     199507.9060     571648.3750
     199497.9530     571570.8750     199482.4690     571551.0000
     199467.2810     571511.0630     199462.1410     571478.5630
     199454.6090     571471.1250     199434.7190     571496.1880
POLYGON   
   10    5    0    0         40.0000
     199717.7810     572174.8750     199690.0630     572125.0000
     199674.9690     572105.0630     199619.8440     572077.8130
     199552.9380     572031.9380     199524.5160     572003.1880
     199494.2810     571950.8130     199494.0630     571903.3130
     199478.9220     571870.9380     199436.2030     571821.0630
POLYGON   
    3    5    0    0         80.0000
     199874.5630     570924.6250     199899.9220     571004.5000
     200000.0000     571068.6880
POLYGON   
    9    5    0    0         50.0000
     199433.6720     571266.2500     199471.4220     571254.5630
     199483.6250     571256.0630     199486.2030     571273.5630
     199501.2340     571281.0000     199501.3750     571311.0000
     199493.9380     571326.0000     199473.9690     571331.0630
     199433.9530     571326.2500
POLYGON   
    2    5    0    0         70.0000
     200000.0000     570168.0630     199988.6250     570174.4380
POLYGON   
    2    5    0    0         80.0000
     199989.1250     570281.8750     200000.0000     570283.1880
POLYGON   
   13    5    0    0         80.0000
     199874.5630     570924.6250     199846.7500     570874.8130
     199846.6880     570839.7500     199839.0630     570814.8130
     199836.1880     570732.3750     199802.9220     570620.0630
     199810.5310     570585.0000     199822.8750     570552.4380
     199837.7970     570537.3750     199877.5630     570484.7500
     199929.8590     570442.0630     199989.7190     570411.8750
     200000.0000     570408.3750
POLYGON   
   29    5    0    0         80.0000
     199431.7660     570846.3750     199434.2340     570841.3750
     199478.9220     570773.7500     199503.8130     570751.1250
     199528.8280     570753.5630     199584.5000     570784.8750
     199674.0940     570815.4380     199706.5780     570812.8130
     199742.3280     570794.3750     199791.1250     570717.5000
     199800.9060     570670.0000     199788.1720     570617.5630
     199787.9380     570565.0630     199795.3280     570540.0630
     199805.2340     570520.0630     199817.5630     570482.5000
     199817.3750     570442.5000     199799.7810     570420.0630
     199772.2340     570410.1880     199674.5940     570396.1250
     199599.6720     570393.3750     199562.2500     570408.5000
     199497.5160     570463.7500     199477.6410     570493.8130
     199477.9060     570551.3130     199483.1090     570596.2500
     199478.2660     570628.7500     199458.2660     570628.8750
     199430.6250     570599.0000
POLYGON   
    3    5    0    0        100.0000
     200000.0000     570643.4380     199995.7500     570639.2500
     200000.0000     570630.6880
POLYGON   
   10    5    0    0         90.0000
     200000.0000     570751.6880     199971.2660     570751.8130
     199931.1410     570722.0000     199883.3910     570667.1880
     199870.7970     570644.7500     199870.5160     570584.7500
     199890.3280     570544.6880     199920.2190     570522.0630
     199950.1560     570509.5000     200000.0000     570501.7500
POLYGON   
   16    5    0    0         90.0000
     199720.7810     570637.8130     199713.3280     570650.3750
     199666.5630     570693.6250     199633.5310     570693.1250
     199613.5000     570683.2500     199603.4220     570668.2500
     199595.8440     570648.3130     199542.4840     570541.2500
     199547.7500     570518.5630     199555.2030     570508.5000
     199575.1410     570495.9380     199680.1410     570498.0000
     199697.7030     570512.9380     199732.9380     570562.8130
     199738.0470     570587.7500     199720.7810     570637.8130
POLYGON   
    6    5    0    0         80.0000
     199989.1250     570281.8750     199979.1410     570286.9380
     199961.8440     570329.5000     199964.4060     570344.4380
     199976.9530     570354.4380     200000.0000     570338.3130
POLYGON   
   19    5    0    0         70.0000
     199429.2660     570299.0630     199444.4060     570331.5000
     199474.4530     570341.3750     199506.9380     570338.7500
     199582.2660     570296.9380     199611.6720     570283.3750
     199656.7190     570295.6880     199679.2810     570308.0630
     199721.9060     570337.9380     199762.0000     570357.7500
     199809.5470     570370.0630     199847.2190     570407.3750
     199857.3280     570432.3750     199867.3280     570432.3130
     199877.1560     570397.3130     199888.8440     570317.1880
     199906.9220     570231.8130     199951.2190     570192.0630
     199988.6250     570174.4380
POLYGON   
    9    5    0    0         70.0000
     199597.9060     570006.0000     199625.5940     570048.3750
     199623.2660     570085.8750     199610.9840     570133.4380
     199568.8440     570208.5630     199551.4380     570228.6250
     199521.4840     570241.2500     199446.6090     570264.0000
     199429.1090     570264.0630
POLYGON   
   14    5    0    0         80.0000
     199521.1090     570158.7500     199526.1090     570156.2500
     199541.0000     570133.6880     199540.9380     570118.6880
     199530.7970     570088.7500     199510.6720     570061.3130
     199488.1560     570056.4380     199465.6880     570064.0000
     199455.7500     570076.5000     199450.8130     570091.5630
     199453.3910     570106.5000     199491.0780     570151.3750
     199513.6250     570161.2500     199521.1090     570158.7500
POLYGON   
    5    5    0    0         70.0000
     199747.6090     570000.0000     199745.4530     570017.9380
     199735.5000     570027.9380     199718.0000     570028.0000
     199702.8910     570003.0630
POLYGON   
   40    5    0    0         10.0000
     198189.9530     572613.2500     198217.5000     572623.1250
     198220.0630     572638.1250     198227.6560     572658.0630
     198247.6560     572658.0000     198332.2660     572624.6250
     198367.4840     572622.5630     198480.3440     572651.1250
     198532.5160     572634.3750     198564.9060     572611.7500
     198599.7500     572576.6250     198664.5160     572528.8750
     198692.0310     572531.3130     198787.2810     572590.8750
     198832.4530     572628.1880     198857.5000     572638.1250
     198877.4220     572623.0630     198894.7810     572593.0000
     199001.7030     572556.3750     199012.0630     572547.5630
     199023.0470     572507.8130     199029.3440     572500.0000
     199054.3130     572494.8750     199081.7500     572482.3130
     199091.7660     572484.7500     199159.5000     572536.9380
     199189.5310     572544.3130     199254.4690     572534.0630
     199269.5000     572539.0000     199307.1090     572566.3750
     199327.0940     572563.8130     199329.5780     572558.8130
     199327.0470     572551.3130     199326.9840     572538.8130
     199331.9690     572536.3130     199364.5310     572551.1250
     199382.0470     572553.5630     199407.0000     572543.5000
     199424.3910     572520.9380     199439.3280     572505.8750
POLYGON   
   14    5    0    0         20.0000
     198877.1410     572560.5630     198872.2030     572575.5630
     198857.2500     572585.6250     198834.7340     572580.6880
     198814.6410     572560.8130     198814.5630     572540.8130
     198871.7500     572531.5000     198894.3590     572500.5000
     198909.3750     572502.9380     198919.4220     572515.4380
     198929.5470     572540.3750     198927.0780     572547.8750
     198882.0780     572548.0630     198877.1410     572560.5630
POLYGON   
    2    5    0    0         20.0000
     199406.8130     572503.5000     199439.2030     572480.8750
POLYGON   
   63    5    0    0         20.0000
     198405.4530     572180.0000     198410.6090     572212.5000
     198410.7190     572237.5000     198388.4380     572285.0630
     198378.6410     572327.5630     198373.9690     572400.0630
     198359.1090     572432.6250     198356.9530     572507.6250
     198339.6560     572550.1880     198339.7190     572565.1880
     198352.2810     572577.6250     198429.7660     572577.3130
     198462.3130     572587.1880     198504.8750     572604.5000
     198519.8440     572596.9380     198551.9840     572559.1880
     198582.0470     572531.7500     198596.9220     572506.6880
     198596.7500     572469.1880     198584.0630     572426.7500
     198566.3750     572386.8130     198563.7500     572356.8750
     198571.1250     572331.8130     198573.4380     572289.3130
     198565.8280     572264.3750     198565.7030     572236.8750
     198578.1410     572224.3130     198600.6410     572226.7500
     198685.5940     572256.9380     198705.8910     572283.8130
     198721.0310     572313.7500     198741.1090     572331.1880
     198766.1410     572338.5630     198796.1880     572350.9380
     198831.1560     572343.3130     198843.7810     572373.2500
     198896.5160     572425.5000     198904.1720     572458.0000
     198965.0160     572512.0630     198984.3910     572510.1250
     199021.5310     572432.5630     199031.3910     572400.0000
     199043.8280     572387.4380     199051.3590     572394.9380
     199054.1250     572452.3750     199061.6560     572459.8750
     199104.6410     572410.3130     199118.9060     572407.1880
     199116.4840     572424.6880     199109.0780     572444.6880
     199116.6880     572467.1250     199148.4530     572488.2500
     199181.8910     572514.3750     199201.9060     572519.3130
     199271.9060     572519.0000     199294.4840     572538.9380
     199306.9840     572538.8750     199309.4060     572521.3750
     199319.3910     572516.3130     199364.4530     572531.1880
     199389.4380     572528.5630     199399.3910     572518.5000
     199406.8130     572503.5000
POLYGON   
   18    5    0    0         40.0000
     199439.0160     572438.3750     199404.0630     572448.5630
     199379.1560     572468.6250     199371.7660     572491.1250
     199364.2810     572493.6880     199334.1720     572471.3130
     199314.1880     572471.3750     199306.7340     572481.3750
     199291.7500     572486.4380     199279.2030     572474.0000
     199276.5470     572441.5630     199288.9060     572411.5000
     199298.8440     572396.4380     199361.0780     572341.2500
     199390.8440     572291.1250     199408.2660     572273.5630
     199428.2190     572263.5000     199438.2190     572263.4380
POLYGON   
   24    5    0    0         30.0000
     199392.8280     572176.1250     199372.9380     572198.7500
     199358.0630     572228.7500     199328.2030     572258.8750
     199310.8910     572298.9380     199283.5630     572336.5630
     199223.8280     572391.7500     199216.3910     572406.7500
     199211.5630     572441.8130     199211.6880     572471.7500
     199219.3130     572499.2500     199229.3440     572504.1880
     199254.2810     572491.6250     199269.2810     572494.0630
     199284.3590     572509.0000     199296.8590     572508.9380
     199314.2660     572491.3750     199326.7660     572491.3130
     199346.8440     572508.7500     199371.8590     572513.6250
     199384.3130     572501.1250     199396.7030     572478.5630
     199426.6090     572458.4380     199439.0780     572453.3750
POLYGON   
   14    5    0    0         30.0000
     198932.8910     572177.9380     198925.4690     572195.5000
     198925.5780     572220.5000     198935.6090     572225.4380
     198958.1090     572227.8130     198983.1560     572237.7500
     199008.1560     572240.1250     199035.6250     572232.5630
     199068.1250     572232.4380     199088.0470     572217.3130
     199113.0470     572217.2500     199133.0160     572209.6880
     199152.9380     572194.5630     199160.3590     572177.0630
POLYGON   
    5    5    0    0         30.0000
     198775.4060     572178.5630     198815.5470     572208.3750
     198843.0310     572205.8130     198862.9380     572185.7500
     198865.3910     572178.1880
POLYGON   
   20    5    0    0         30.0000
     199392.8280     572176.1250     199405.2970     572168.6250
     199407.7190     572153.6250     199400.1720     572143.6250
     199367.6720     572141.2500     199337.6090     572128.8750
     199322.6090     572126.4380     199305.0470     572114.0000
     199269.9690     572094.1880     199209.6720     572026.9380
     199187.0160     571994.5000     199166.9530     571979.6250
     199161.9840     571984.6250     199162.1410     572019.6250
     199169.7970     572054.5630     199159.9690     572092.0630
     199137.5940     572119.6880     199142.7030     572142.1250
     199160.3130     572167.0630     199160.3590     572177.0630
POLYGON   
    5    5    0    0         30.0000
     198865.3910     572178.1880     198872.8440     572165.6880
     198887.7660     572150.6250     198932.7970     572157.9380
     198932.8910     572177.9380
POLYGON   
   23    5    0    0         30.0000
     198184.9840     571523.5630     198212.5780     571543.4380
     198252.6410     571558.3130     198285.1560     571563.1880
     198315.2660     571588.0630     198352.8280     571600.3750
     198370.4380     571625.3130     198375.7970     571705.2500
     198411.0780     571767.6250     198423.7190     571797.5630
     198446.3440     571827.4380     198516.5000     571862.1880
     198549.0470     571874.5630     198554.0940     571884.5000
     198544.1560     571897.0630     198544.2810     571927.0630
     198556.8750     571947.0000     198564.5470     571984.4380
     198598.2030     572066.5000     198625.1410     572114.1880
     198715.4530     572166.1250     198755.3590     572166.1250
     198775.4060     572178.5630
POLYGON   
   14    5    0    0         20.0000
     198405.4530     572180.0000     198387.2970     572122.7500
     198384.9690     572072.6250     198394.8130     572037.6250
     198389.5780     571987.6250     198376.9060     571950.1880
     198320.8440     571883.5630     198318.9690     571850.4380
     198311.3280     571820.5000     198293.7340     571800.5630
     198263.6410     571778.1880     198246.0160     571750.7500
     198230.9530     571735.8130     198185.8910     571721.0000
POLYGON   
   13    5    0    0         40.0000
     198699.3440     571941.4380     198714.3440     571943.8750
     198744.6090     572001.2500     198774.7660     572036.1250
     198772.3280     572051.1250     198762.3750     572061.1250
     198732.4060     572068.7500     198689.7500     572031.4380
     198669.6880     572019.0000     198664.5310     571984.0630
     198669.4690     571969.0630     198684.3750     571949.0000
     198699.3440     571941.4380
POLYGON   
   37    5    0    0         40.0000
     199436.2030     571821.0630     199433.6880     571818.6250
     199398.6880     571816.2500     199368.6560     571808.8750
     199338.5630     571789.0000     199318.5630     571786.5630
     199288.6250     571801.6880     199263.6720     571809.2500
     199185.9380     571782.4380     199170.9690     571762.1250
     199170.7660     571719.6880     199125.5780     571674.8750
     199115.5630     571672.3750     199095.7340     571709.9380
     199073.3130     571725.0630     199060.7660     571715.0630
     199068.1410     571687.5630     199007.7500     571666.1250
     198970.5470     571665.4380     198945.6090     571678.0630
     198928.1250     571680.6250     198903.0630     571665.7500
     198860.4840     571648.3750     198838.0160     571656.0000
     198719.5630     571582.5000     198675.1410     571569.1250
     198599.9380     571521.9380     198567.3750     571507.0630
     198487.3280     571494.8750     198419.7030     571467.6880
     198387.0940     571442.8130     198354.5470     571430.4380
     198299.5630     571430.6250     198284.5310     571425.6880
     198257.0310     571423.3130     198217.0000     571416.0000
     198184.4530     571406.1250
POLYGON   
   16    5    0    0         50.0000
     199434.7190     571496.1880     199387.5780     571573.8750
     199384.9840     571601.3130     199375.2810     571616.3750
     199342.8750     571636.5000     199292.9380     571649.1880
     199250.4530     571651.8750     199235.4220     571644.4380
     199212.8130     571619.5000     199200.2030     571594.5630
     199204.9530     571542.0630     199217.2810     571504.5630
     199277.0470     571454.3130     199316.9380     571429.1880
     199418.9530     571326.3130     199433.9530     571326.2500
POLYGON   
   27    5    0    0         50.0000
     199015.2500     571600.3130     199040.1880     571587.6880
     199047.5940     571567.6880     199040.0160     571550.2500
     199004.9060     571525.3750     198984.9060     571525.4380
     198964.8910     571520.5000     198929.7810     571498.1880
     198924.5310     571440.6880     198877.5310     571380.3130
     198856.7030     571368.5000     198826.7500     571378.6250
     198776.6880     571408.4380     198735.3910     571442.4380
     198729.6250     571456.4380     198744.7190     571478.8750
     198779.8130     571498.7500     198792.5630     571553.6880
     198810.1410     571571.1250     198835.1250     571571.0000
     198842.5940     571561.0000     198852.6090     571565.9380
     198872.7810     571603.3750     198907.8440     571620.6880
     198940.2970     571610.5630     198970.2970     571610.5000
     199015.2500     571600.3130
POLYGON   
   20    5    0    0         50.0000
     198942.1880     570928.3130     198957.2500     570940.7500
     198969.8590     570965.6880     198967.5000     570998.1880
     198962.6250     571023.1880     198970.2500     571053.1250
     198987.8130     571065.5630     199025.3440     571075.4380
     199032.8910     571085.3750     199045.5160     571110.3130
     199075.6880     571150.1880     199141.0160     571224.9380
     199231.2970     571289.5630     199256.3440     571299.4380
     199276.4060     571311.8750     199306.4220     571316.7500
     199326.4060     571314.1880     199361.3130     571294.0630
     199399.2030     571277.5000     199433.6720     571266.2500
POLYGON   
   15    5    0    0         80.0000
     199268.0310     571119.4380     199238.0470     571124.5630
     199218.0310     571119.6250     199175.3590     571082.3130
     199147.7340     571052.4380     199145.1250     571029.9380
     199187.3440     570967.3130     199204.7660     570949.7500
     199237.2660     570952.1250     199331.9220     571007.6880
     199340.0470     571016.6880     199340.1560     571041.6880
     199325.3750     571086.7500     199300.4690     571106.8130
     199268.0310     571119.4380
POLYGON   
   13    5    0    0         70.0000
     199109.6720     570927.6250     199094.8440     570965.1880
     199085.0000     571000.1880     199085.0940     571020.1880
     199115.3280     571072.5630     199170.0940     571142.7500
     199200.7500     571167.1880     199223.2810     571174.6250
     199255.7660     571172.0000     199290.7190     571161.8750
     199371.6090     571110.8750     199415.1090     571033.9380
     199432.5160     571013.8750
POLYGON   
    9    5    0    0         60.0000
     199049.6720     570927.8750     199057.4220     570982.8130
     199062.7500     571055.2500     199118.2030     571155.0000
     199158.4060     571199.8750     199198.5000     571222.1880
     199258.5780     571239.4380     199311.0630     571239.2500
     199433.0630     571133.8130
POLYGON   
   11    5    0    0         50.0000
     198183.3130     571156.1880     198190.7500     571141.1880
     198243.0630     571100.9380     198263.0630     571103.3750
     198293.2190     571138.2500     198303.3280     571163.1880
     198308.6090     571223.1880     198271.3440     571273.3130
     198228.8440     571273.5000     198208.7660     571253.5630
     198183.5470     571206.1880
POLYGON   
   12    5    0    0         40.0000
     198244.7810     570931.0000     198300.1560     571015.7500
     198335.3440     571055.6250     198367.9220     571075.5000
     198445.4220     571077.6880     198600.6410     571093.0000
     198625.4690     571092.0000     198630.4220     571081.9380
     198587.9220     571049.4380     198522.4690     570977.4380
     198499.8910     570962.5000     198482.2500     570930.0630
POLYGON   
    5    5    0    0         80.0000
     199277.1410     570927.0000     199302.2030     570941.8750
     199337.2500     570951.7500     199369.7340     570949.1250
     199389.6250     570926.5630
POLYGON   
    4    5    0    0         50.0000
     198804.7030     570928.8130     198834.7810     570946.1880
     198874.7660     570943.5630     198904.6880     570928.4380
POLYGON   
    2    5    0    0         40.0000
     198217.1560     570901.1250     198234.7030     570913.5630
POLYGON   
    4    5    0    0         80.0000
     199431.7660     570846.3750     199414.4840     570893.9380
     199394.6250     570924.0000     199389.6250     570926.5630
POLYGON   
   38    5    0    0         80.0000
     198690.5160     570004.5630     198648.1560     570034.6880
     198560.8590     570077.5000     198476.1090     570096.0630
     198456.0160     570107.9380     198436.0940     570125.5000
     198428.7660     570165.5000     198431.4380     570200.5000
     198479.3440     570290.3130     198516.9840     570325.1250
     198569.5940     570349.9380     198602.1410     570359.8130
     198694.7660     570345.8130     198714.5630     570346.8750
     198734.6250     570359.2500     198747.1720     570371.6880
     198777.2340     570384.0630     198822.2660     570393.9380
     198837.2970     570401.3750     198849.8750     570418.8130
     198847.4840     570441.3130     198830.1720     570481.3750
     198830.3590     570523.8130     198837.8910     570531.3130
     198852.8910     570531.2500     198884.4690     570502.7500
     198900.2340     570498.5630     198908.1880     570468.6880
     198922.5780     570463.5000     198937.6410     570478.4380
     198980.5160     570560.7500     199050.5310     570625.7500
     199091.7030     570679.7500     199141.0940     570692.5630
     199158.6880     570715.0000     199173.1250     570807.5630
     199206.8440     570857.2500     199277.1410     570927.0000
POLYGON   
   47    5    0    0         70.0000
     198555.5310     570005.0630     198545.6090     570022.6250
     198530.6410     570027.6880     198455.6880     570037.9380
     198423.2660     570055.5630     198405.8590     570075.6250
     198398.4530     570093.1880     198383.6720     570143.1880
     198386.2810     570165.6880     198401.5310     570220.6250
     198446.8910     570302.9380     198489.6250     570352.7500
     198519.7030     570372.6250     198559.7660     570387.4380
     198634.7970     570409.8750     198654.9690     570432.0630
     198665.0780     570457.0000     198695.2030     570484.3750
     198717.7340     570494.3130     198745.3590     570521.6880
     198755.4530     570541.6250     198795.6090     570578.9380
     198835.6720     570591.3130     198888.1880     570596.1250
     198888.2340     570608.5630     198878.2810     570618.6250
     198798.4690     570646.5630     198748.4840     570659.1250
     198731.0470     570671.6880     198723.7340     570711.6880
     198726.4060     570749.1880     198741.5630     570784.1250
     198764.1720     570811.5000     198801.7500     570828.8750
     198821.7810     570833.8130     198854.2500     570828.6880
     198884.1090     570801.0630     198923.9060     570755.9380
     198941.1560     570700.8750     198936.0470     570678.3750
     198933.4060     570645.8750     198938.3750     570640.8750
     198955.8910     570643.3130     199061.3590     570747.8750
     199119.3910     570867.6250     199117.1250     570917.6250
     199109.6720     570927.6250
POLYGON   
   37    5    0    0         60.0000
     198325.5470     570003.5000     198325.6880     570033.4380
     198318.3590     570071.0000     198308.4060     570081.0000
     198268.4840     570098.6880     198256.0310     570108.6880
     198196.4530     570198.9380     198184.0940     570228.9380
     198191.7970     570273.9380     198256.0780     570357.5630
     198274.7190     570368.5630     198284.6250     570348.5000
     198291.6250     570313.4380     198304.3280     570283.5000
     198316.8280     570285.9380     198336.9690     570315.8130
     198352.1560     570355.7500     198369.9690     570425.6880
     198400.0940     570453.0630     198457.7340     570485.3130
     198545.3590     570514.9380     198577.9220     570532.3130
     198613.0470     570559.6880     198645.7810     570612.0630
     198650.9220     570642.0000     198651.2340     570712.0000
     198661.4060     570749.4380     198674.0470     570779.3750
     198721.7970     570836.6880     198764.4380     570869.0000
     198799.5160     570886.3750     198859.5160     570886.1250
     198904.3590     570855.9380     198944.2970     570840.8130
     198971.7810     570840.6880     199035.8130     570906.6250
     199049.6720     570927.8750
POLYGON   
    3    5    0    0         50.0000
     198904.6880     570928.4380     198919.6720     570923.3750
     198942.1880     570928.3130
POLYGON   
   18    5    0    0         50.0000
     198180.8130     570606.3750     198188.2810     570601.3130
     198208.2810     570598.7500     198230.8130     570608.6880
     198263.3130     570608.5630     198305.6560     570575.8750
     198338.0940     570563.2500     198370.6090     570565.6250
     198410.7340     570595.4380     198465.8130     570612.7500
     198503.4060     570635.0630     198520.9840     570652.5000
     198575.8130     570765.0630     198611.6410     570799.6250
     198735.0160     570885.8750     198769.6090     570906.4380
     198797.1560     570918.8750     198804.7030     570928.8130
POLYGON   
   12    5    0    0         40.0000
     198482.2500     570930.0630     198459.9530     570912.3130
     198429.6410     570905.3130     198404.5630     570885.3750
     198374.3590     570840.5630     198361.7500     570815.5630
     198346.6720     570800.6250     198299.1250     570788.3130
     198248.9220     570799.8750     198246.7030     570803.5630
     198236.7340     570808.5630     198181.7030     570801.3130
POLYGON   
    2    5    0    0         40.0000
     198234.7030     570913.5630     198244.7810     570931.0000
POLYGON   
    4    5    0    0         40.0000
     198217.1560     570901.1250     198209.6410     570898.6880
     198189.6720     570906.2500     198182.2030     570911.2500
POLYGON   
   10    5    0    0         90.0000
     199316.5940     570806.8750     199331.6090     570809.3130
     199357.8750     570848.4380     199369.3910     570874.1250
     199356.9530     570886.6880     199331.9380     570881.7500
     199309.3280     570859.3750     199299.2190     570834.4380
     199311.6090     570809.3750     199316.5940     570806.8750
POLYGON   
    9    5    0    0         90.0000
     199250.8440     570639.6880     199248.4060     570654.6880
     199238.3910     570652.1880     199233.3280     570637.2500
     199210.7030     570607.3130     199208.1250     570592.3750
     199215.5940     570584.8130     199233.1410     570597.2500
     199250.8440     570639.6880
POLYGON   
   18    5    0    0         80.0000
     199045.5000     570010.6250     199053.1410     570043.1250
     199050.8590     570090.6250     199020.1560     570196.0630
     199021.4060     570208.1880     199039.0000     570230.6250
     199061.7190     570278.0000     199074.2340     570282.9380
     199094.2030     570277.8750     199131.7030     570277.7500
     199156.7500     570290.1250     199186.9060     570322.5000
     199239.2030     570331.1880     199267.0000     570347.1880
     199349.8590     570426.8130     199380.0470     570469.1880
     199407.8440     570534.0630     199430.6250     570599.0000
POLYGON   
    2    5    0    0         70.0000
     199429.2660     570299.0630     199429.1090     570264.0630
POLYGON   
   18    5    0    0         80.0000
     199392.9380     570006.8130     199352.9690     570106.7500
     199335.9840     570124.5000     199251.0000     570176.9380
     199213.7030     570169.9380     199166.1880     570165.1250
     199146.1410     570155.1880     199136.0630     570137.7500
     199168.4530     570115.1250     199198.3910     570102.5000
     199203.3280     570087.5000     199193.2970     570080.0630
     199138.2500     570070.2500     199118.1880     570055.3750
     199118.0940     570032.8750     199158.0160     570017.6880
     199172.9690     570007.6250     199175.4690     570007.6250
POLYGON   
   18    5    0    0         90.0000
     198810.4840     570001.5630     198805.5000     570006.5630
     198760.6250     570031.7500     198750.6880     570046.8130
     198745.8130     570071.8130     198753.5310     570121.7500
     198786.3130     570181.6250     198801.3910     570201.5630
     198831.4220     570208.9380     198908.9690     570221.1250
     198948.9220     570211.0000     198961.3750     570200.9380
     198988.6880     570160.8130     198998.5630     570133.3130
     199000.8910     570095.8130     198995.7500     570065.8130
     198950.5470     570021.0000     198907.9840     570003.6880
POLYGON   
   15    5    0    0         90.0000
     198678.7340     570162.0630     198708.8750     570194.4380
     198709.0310     570229.3750     198689.1250     570249.5000
     198676.7340     570272.0000     198639.3750     570302.1250
     198606.9060     570307.2500     198534.2030     570262.5630
     198516.5940     570237.6250     198508.9530     570207.6880
     198518.8280     570180.1880     198536.2500     570162.6250
     198648.6880     570152.1880     198676.2190     570159.5630
     198678.7340     570162.0630
POLYGON   
    9    5    0    0        100.0000
     198838.4060     570096.4380     198858.4220     570098.8750
     198901.0160     570121.1880     198896.0780     570136.1880
     198866.1250     570143.8130     198833.6250     570143.9380
     198828.5630     570128.9380     198828.4840     570111.5000
     198838.4060     570096.4380
POLYGON   
   11    5    0    0         10.0000
     197960.5160     572181.7500     198050.7190     572228.8750
     198065.8750     572261.3130     198066.0470     572301.3130
     198058.7970     572353.8130     198059.0470     572411.3130
     198071.7500     572456.2500     198092.1560     572568.6250
     198102.3130     572578.5630     198144.7970     572578.4380
     198189.9530     572613.2500
POLYGON   
    9    5    0    0         20.0000
     198040.5000     572181.4380     198080.7030     572226.2500
     198111.1090     572316.1250     198143.7500     572348.5000
     198161.2340     572343.4380     198173.5780     572310.8750
     198178.5780     572240.6880     198175.6410     572215.8750
     198152.9840     572181.0000
POLYGON   
    7    5    0    0         20.0000
     198040.5000     572181.4380     198015.2970     572154.1250
     198015.2660     572129.0630     198045.1410     572101.4380
     198093.1250     572120.2500     198117.7970     572138.6250
     198152.9840     572181.0000
POLYGON   
   38    5    0    0         10.0000
     197960.5160     572181.7500     197950.5000     572176.8130
     197844.9380     572049.7500     197817.1720     571992.3750
     197766.8910     571930.0630     197726.7970     571907.7500
     197671.7970     571905.4380     197656.8130     571910.5000
     197630.1090     571926.8130     197603.9220     571916.8130
     197596.7500     571893.2500     197561.5630     571853.4380
     197504.1090     571743.3750     197468.2340     571668.8130
     197465.5630     571631.3750     197475.4060     571596.3130
     197524.9840     571506.1250     197537.7500     571453.1250
     197564.7030     571443.5000     197592.2190     571448.4380
     197662.3590     571480.6250     197692.3910     571490.5000
     197702.3280     571475.5000     197702.1880     571445.5000
     197687.1090     571425.5630     197649.5630     571415.6880
     197609.5630     571415.8750     197592.0310     571408.4380
     197584.4530     571390.9380     197591.8440     571365.9380
     197603.5940     571245.8750     197598.5940     571200.9380
     197598.3590     571151.0000     197593.2500     571126.0000
     197550.4380     571056.1880     197520.3440     571033.8130
     197507.7340     571011.3750     197494.8910     570933.9380
POLYGON   
   33    5    0    0         20.0000
     198185.8910     571721.0000     198128.0630     571646.2500
     198080.2500     571576.4380     198065.1720     571561.5000
     197974.5470     571530.8750     197927.2810     571472.0630
     197892.1720     571447.2500     197798.8130     571409.3130
     197786.9220     571387.6880     197829.4380     571392.5000
     197861.9840     571404.8750     197889.4690     571402.2500
     197909.4530     571397.1880     197931.9530     571399.6250
     197964.6250     571436.9380     197981.2660     571507.1250
     197999.9690     571514.3130     198037.4690     571514.1250
     198052.3910     571499.1250     198052.2500     571466.6250
     198035.0780     571436.4380     197954.0160     571357.2500
     197944.1720     571337.0630     197860.2340     571235.7500
     197810.7030     571120.1250     197805.5630     571090.1880
     197820.3910     571052.6250     197867.6560     571002.4380
     197870.0780     570987.4380     197847.4690     570962.5630
     197792.4530     570957.7500     197747.4380     570950.4380
     197727.3590     570933.0630
POLYGON   
   19    5    0    0         30.0000
     198007.3130     570931.9380     197984.7660     570996.8750
     197970.1560     571004.5630     197937.6720     571007.1880
     197920.2190     571019.7500     197905.3280     571042.3130
     197860.4220     571060.0000     197850.4840     571075.0000
     197845.5780     571095.0000     197863.1560     571112.4380
     197888.2340     571129.8750     197903.3590     571159.7500
     197913.5630     571204.7500     197978.0000     571310.0630
     197996.6560     571334.3750     198046.8910     571386.6250
     198172.3590     571493.6250     198179.9220     571508.6250
     198184.9840     571523.5630
POLYGON   
   13    5    0    0         40.0000
     198169.7970     570931.3130     198164.8750     570948.8130
     198158.0630     571041.3130     198135.4060     571063.8750
     198088.0630     571096.5630     198058.1250     571111.6880
     198005.8130     571151.8750     197995.9530     571181.9380
     197996.1560     571224.3750     198011.2810     571254.3130
     198071.6560     571339.0630     198139.3440     571381.3130
     198184.4530     571406.1250
POLYGON   
    3    5    0    0         50.0000
     198183.3130     571156.1880     198180.8910     571171.1880
     198183.5470     571206.1880
POLYGON   
    2    5    0    0         20.0000
     196971.4840     570176.1880     196946.4060     570156.3130
POLYGON   
    2    5    0    0         30.0000
     197048.7030     570115.9380     197038.6880     570111.0000
POLYGON   
    2    5    0    0         40.0000
     198041.6250     570781.8750     198031.6250     570779.3750
POLYGON   
    2    5    0    0         40.0000
     197570.3750     570496.2500     197555.3130     570481.3130
POLYGON   
    2    5    0    0         40.0000
     197040.8280     570031.0000     197033.2810     570021.0000
POLYGON   
    2    5    0    0         40.0000
     198169.7970     570931.3130     198182.2030     570911.2500
POLYGON   
   39    5    0    0         30.0000
     197048.7030     570115.9380     197055.3590     570137.9380
     197043.8440     570145.9380     197043.9220     570163.4380
     197059.0310     570185.8750     197074.0160     570185.8130
     197088.5160     570165.4380     197098.9380     570168.1880
     197124.0310     570188.1250     197169.3590     570260.4380
     197171.9530     570282.8750     197194.5780     570310.3130
     197229.2030     570323.7500     197254.8130     570365.0630
     197300.0940     570427.3750     197365.4060     570497.0630
     197390.5470     570529.5000     197460.7190     570566.6880
     197496.0160     570634.0000     197526.1560     570663.8750
     197556.2660     570688.7500     197556.3440     570706.2500
     197531.5000     570741.3750     197534.0780     570758.8130
     197571.7340     570793.6880     197611.8910     570787.2500
     197641.6880     570785.9380     197666.7970     570810.8130
     197674.3910     570830.7500     197702.0000     570855.6250
     197789.7190     570905.3130     197849.6720     570895.0630
     197912.1880     570902.3130     197952.7970     570923.6880
     197969.7810     570922.0630     197992.2340     570914.5000
     198009.7500     570916.9380     198009.8130     570931.9380
     198007.3130     570931.9380
POLYGON   
   11    5    0    0         20.0000
     197335.6090     570542.1880     197378.3130     570584.5000
     197421.1880     570669.3130     197476.4380     570726.5630
     197509.2030     570783.9380     197539.3750     570823.8130
     197556.9380     570838.7500     197594.5000     570853.5630
     197617.0310     570858.5000     197639.6560     570888.3750
     197727.3590     570933.0630
POLYGON   
   15    5    0    0         10.0000
     196929.2190     570226.3750     197019.4690     570281.0000
     197061.7030     570289.7500     197092.0630     570305.6880
     197104.7190     570338.1250     197160.1410     570432.8750
     197175.5000     570512.8130     197198.1250     570540.2500
     197268.2810     570574.9380     197315.9690     570619.7500
     197358.7340     570679.5630     197401.7500     570791.8750
     197476.1880     570864.9380     197484.6410     570881.5000
     197494.8910     570933.9380
POLYGON   
    7    5    0    0         40.0000
     198041.6250     570781.8750     198056.6250     570781.8130
     198086.5470     570766.6880     198104.0630     570769.1250
     198139.1250     570783.9380     198156.6880     570796.3750
     198181.7030     570801.3130
POLYGON   
   39    5    0    0         50.0000
     197228.2030     570010.2500     197251.7030     570155.0630
     197261.5630     570197.5630     197309.5310     570304.8750
     197324.6090     570319.8130     197362.1880     570337.1250
     197379.6720     570337.0630     197394.6250     570327.0000
     197412.0940     570319.4380     197453.4690     570268.5630
     197479.1560     570226.6880     197511.5630     570204.0630
     197564.0470     570214.1250     197576.7340     570243.8130
     197594.3130     570263.7500     197609.3440     570271.1880
     197642.0000     570306.0630     197661.5310     570366.1880
     197684.9530     570405.8750     197697.6410     570448.3130
     197707.8440     570493.2500     197723.2500     570580.6250
     197743.3750     570608.0630     197771.1090     570662.9380
     197843.7970     570702.6250     197853.7810     570700.1250
     197866.2030     570685.0630     197878.5940     570660.0000
     197898.5470     570649.9380     197923.5470     570649.8750
     197953.5630     570657.2500     198001.1720     570650.5630
     198031.0780     570659.4380     198058.5780     570661.8130
     198073.7030     570689.2500     198083.7030     570689.1880
     198108.5160     570649.1250     198150.7500     570638.1250
     198180.8130     570606.3750
POLYGON   
   11    5    0    0         40.0000
     197570.3750     570496.2500     197640.7190     570571.0000
     197658.3750     570608.3750     197683.7500     570688.2500
     197716.3910     570720.6250     197789.1560     570782.8130
     197811.6560     570782.7500     197836.5940     570770.1250
     197921.5940     570750.2500     197963.9840     570749.6880
     198031.6250     570779.3750
POLYGON   
   10    5    0    0         60.0000
     197932.7810     570484.8750     197927.8590     570499.8750
     197905.4690     570524.9380     197895.3440     570497.5000
     197892.5470     570430.0630     197902.5000     570420.0000
     197935.0160     570424.8750     197945.0630     570437.3130
     197937.7340     570474.8750     197932.7810     570484.8750
POLYGON   
   10    5    0    0         20.0000
     196971.4840     570176.1880     197014.1880     570221.0630
     197044.2660     570238.4380     197089.3130     570250.7500
     197143.1410     570334.8750     197167.3440     570367.8750
     197210.0160     570407.6880     197255.3440     570480.0000
     197308.0310     570522.3130     197335.6090     570542.1880
POLYGON   
   15    5    0    0         40.0000
     197040.8280     570031.0000     197093.5310     570078.2500
     197131.1090     570098.1250     197146.1250     570100.5630
     197171.2030     570117.9380     197196.3590     570152.8130
     197244.2810     570247.6250     197279.6410     570327.4380
     197353.7030     570420.6880     197375.0780     570424.5630
     197405.0630     570421.9380     197449.9690     570404.2500
     197487.5160     570414.1250     197537.7190     570458.9380
     197555.3130     570481.3130
POLYGON   
   12    5    0    0         60.0000
     197295.6560     570002.5000     197296.1880     570117.4380
     197301.3280     570147.4380     197316.4380     570174.8750
     197323.9840     570182.3130     197346.6560     570162.5630
     197351.1720     570117.2500     197361.1090     570102.1880
     197370.9530     570067.1880     197380.8590     570047.1250
     197415.9840     570024.8750     197425.6560     570004.5000
POLYGON   
    2    5    0    0         20.0000
     196946.4060     570156.3130     196928.8910     570151.3750
POLYGON   
    6    5    0    0         50.0000
     197525.6560     570006.6250     197535.6880     570014.0630
     197560.6880     570013.9380     197583.2190     570023.8750
     197613.1880     570016.2500     197620.6410     570006.2500
POLYGON   
    2    5    0    0         40.0000
     197020.7030     570003.5630     197033.2810     570021.0000
POLYGON   
    3    5    0    0         30.0000
     196963.2030     570003.8130     197029.5630     570102.8750
     197038.6880     570111.0000
POLYGON   
    5    5    0    0         10.0000
     196860.7190     570004.1880     196873.5310     570071.6250
     196878.9840     570171.5630     196899.1090     570201.5000
     196929.2190     570226.3750
POLYGON   
    6    5    0    0         20.0000
     196883.2340     570009.1250     196890.8130     570026.5630
     196896.2660     570124.0000     196908.8750     570148.9380
     196923.8750     570148.8750     196928.8910     570151.3750
POLYGON   
   15    2    0    0          0.0000
     199716.4690     572821.5630     199728.9840     572834.0630
     199736.5000     572859.0630     199746.5160     572879.0630
     199771.5310     572899.0630     199796.5310     572899.0630
     199814.0160     572889.0630     199851.7660     572895.1250
     199872.4690     572875.0630     199886.5000     572866.5630
     199934.0000     572869.0630     199954.0160     572881.5630
     199976.5470     572916.5630     199999.0470     572931.5630
     200000.0000     572931.8130
POLYGON   
   55    2    0    0          0.0000
     198466.4530     572761.4380     198488.9530     572761.4380
     198566.4380     572748.9380     198581.4220     572734.0000
     198586.4060     572719.0000     198613.9060     572701.5000
     198627.5630     572663.5630     198643.8750     572661.5000
     198666.3750     572669.0000     198696.3590     572656.5000
     198706.3590     572659.0000     198718.8910     572686.5000
     198743.8910     572684.0000     198763.8750     572674.0000
     198778.8910     572681.5000     198788.8910     572691.5000
     198788.9220     572731.5000     198798.9220     572736.5000
     198853.9220     572731.5000     198871.4060     572714.0000
     198883.2500     572691.1880     198921.3910     572684.0630
     198948.8590     572656.5630     199006.3280     572614.0630
     199038.8280     572606.5630     199051.3130     572596.5630
     199056.2810     572559.1250     199083.7660     572531.6250
     199121.2660     572534.1250     199176.2810     572556.6250
     199218.7810     572559.1250     199251.3130     572586.6250
     199268.8130     572586.6250     199293.7970     572576.6250
     199338.8130     572606.6250     199403.6880     572612.9380
     199408.8130     572604.1250     199403.7970     572574.1250
     199421.2810     572556.6250     199448.7810     572551.6880
     199466.2810     572564.1880     199473.7970     572586.6250
     199466.3130     572604.1250     199483.8280     572626.6250
     199503.8440     572639.1250     199511.3590     572671.6250
     199528.8910     572696.6250     199576.3910     572709.1250
     199596.4060     572729.1250     199603.9220     572744.1250
     199631.4220     572754.1250     199656.4530     572784.0630
     199683.9530     572789.0630     199688.9690     572809.0630
     199716.4690     572821.5630
POLYGON   
   26    2    0    0          0.0000
     197871.2190     572446.5000     197913.7500     572484.0000
     197936.2660     572506.5000     197963.7660     572506.5000
     198023.5000     572551.8750     198018.8130     572561.5000
     197993.1090     572583.1250     197993.8590     572623.9380
     198001.3750     572646.4380     198016.3910     572676.4380
     198038.8910     572686.4380     198168.8130     572695.3130
     198191.4220     572716.4380     198228.9530     572758.9380
     198268.9690     572791.4380     198291.4690     572796.4380
     198308.9690     572783.9380     198306.4530     572758.9380
     198301.4380     572746.4380     198311.4380     572736.4380
     198336.4220     572731.4380     198383.9380     572746.4380
     198413.9380     572746.4380     198446.4220     572723.9380
     198461.4220     572731.4380     198466.4530     572761.4380
POLYGON   
   62    2    0    0          0.0000
     197871.2190     572446.5000     197868.7190     572434.0000
     197881.2030     572421.5000     197898.6880     572394.0630
     197901.1560     572361.5630     197926.1410     572329.0630
     197938.6090     572304.0630     197886.2660     572266.3750
     197878.5630     572241.6250     197861.0630     572221.6250
     197803.7970     572193.5630     197776.0160     572176.6250
     197751.0160     572171.6250     197731.0160     572161.6250
     197721.0000     572146.6250     197720.9690     572109.1250
     197713.4690     572094.1250     197673.4690     572094.1250
     197653.4530     572081.6250     197653.4380     572056.6250
     197665.9220     572039.1880     197660.9060     572026.6880
     197650.9060     572024.1880     197615.9220     572041.6250
     197553.4220     572041.6250     197528.4220     572031.6250
     197528.3750     571974.1880     197565.8590     571951.6880
     197560.8440     571941.6880     197538.3440     571939.1880
     197498.3590     571951.6880     197478.3590     571944.1880
     197463.3440     571934.1880     197450.8280     571911.6880
     197438.2970     571874.1880     197438.2810     571836.7500
     197419.5940     571777.1250     197425.7190     571751.7500
     197430.6720     571706.7500     197408.1560     571674.3130
     197398.1410     571649.3130     197405.6090     571619.3130
     197405.5940     571589.3130     197383.0780     571571.8130
     197363.0780     571569.3130     197354.5630     571581.0630
     197348.0940     571599.3130     197335.6090     571609.3130
     197318.1090     571609.3130     197308.0940     571586.8130
     197313.0780     571576.8130     197313.0780     571564.3130
     197305.5630     571554.3130     197288.0630     571551.8130
     197278.0630     571541.8130     197278.0310     571509.3750
     197270.5160     571494.3750     197243.0160     571476.8750
     197235.5000     571464.3750     197240.4840     571439.3750
     197232.9690     571416.8750     197215.4530     571404.3750
POLYGON   
    9    2    0    0          0.0000
     197215.0940     570912.1250     197232.6090     570927.1250
     197235.1410     570974.5630     197245.1560     571007.0630
     197230.1880     571034.5630     197247.7030     571059.5630
     197247.7190     571082.0000     197242.7340     571099.5000
     197215.2340     571107.0000
POLYGON   
   11    2    0    0          0.0000
     197145.2970     571196.9380     197165.3440     571259.4380
     197165.3750     571284.4380     197142.8910     571319.4380
     197132.9060     571329.4380     197125.4380     571369.3750
     197135.4380     571384.3750     197147.9530     571389.3750
     197175.4380     571381.8750     197202.9530     571401.8750
     197215.4530     571404.3750
POLYGON   
    6    2    0    0          0.0000
     197145.2970     571196.9380     197145.2810     571169.5000
     197165.2810     571159.5000     197182.7500     571132.0000
     197210.2340     571107.0000     197215.2340     571107.0000
POLYGON   
   37    2    0    0          0.0000
     197215.0940     570912.1250     197212.5940     570907.1250
     197185.0780     570889.6250     197152.5470     570857.1250
     197122.5160     570817.1250     197097.5000     570794.6250
     197057.4840     570774.6250     197004.9840     570767.1250
     196987.4840     570754.6250     196977.4690     570739.6250
     196978.3590     570679.6250     196962.4060     570657.1880
     196959.8910     570632.1880     196967.3750     570609.6880
     196969.8590     570587.1880     196964.8280     570562.2500
     196957.3280     570552.2500     196939.8130     570542.2500
     196929.8130     570532.2500     196901.4690     570362.4380
     196889.6560     570329.8130     196867.1560     570317.3130
     196839.6560     570317.3130     196779.6560     570327.3130
     196727.1560     570309.8130     196697.1250     570279.8130
     196677.1090     570249.8130     196677.0940     570224.8130
     196672.0630     570192.3750     196657.0470     570162.3750
     196657.0160     570127.3750     196644.5000     570112.3750
     196632.3130     570059.8130     196626.9530     570044.8750
     196624.4380     570017.4380     196641.9220     570004.9380
     196674.4380     570019.9380
POLYGON   
    4    2    0    0          0.0000
     196729.4380     570014.9380     196729.4380     570027.4380
     196694.4380     570027.4380     196674.4380     570019.9380
POLYGON   
    3    2    0    0          0.0000
     196724.4530     570000.0000     196731.9380     570012.4380
     196729.4380     570014.9380
POLYGON   
    9    2    0    0         18.0000
     198005.4840     571461.9380     198027.9840     571466.9380
     198038.0000     571481.9380     198035.5160     571499.4380
     198018.0160     571506.9380     197998.0160     571499.4380
     197990.5000     571484.4380     197993.0000     571469.4380
     198005.4840     571461.9380
POLYGON   
   11    2    0    0         15.0000
     198213.4530     572086.6880     198228.4530     572089.1880
     198264.0940     572126.1250     198288.4840     572141.6880
     198288.5000     572156.6880     198273.5160     572171.6880
     198261.0160     572169.1880     198228.4840     572144.1880
     198208.4840     572124.1880     198203.4530     572099.1880
     198213.4530     572086.6880
POLYGON   
   11    2    0    0         37.0000
     198850.6880     571739.4380     198848.1880     571746.9380
     198793.2190     571791.9380     198770.7190     571791.9380
     198755.7190     571776.9380     198755.6880     571754.4380
     198768.1880     571741.9380     198818.1560     571704.4380
     198833.1560     571706.9380     198848.1720     571724.4380
     198850.6880     571739.4380
POLYGON   
    5    3    0    0         49.0000
     199322.8750     571339.6880     199337.8750     571334.6880
     199397.5940     571291.8750     199447.8440     571284.6880
     199457.8280     571284.6880
POLYGON   
    4    3    0    0         47.0000
     199125.3280     571277.1880     199185.3590     571314.6880
     199272.8750     571342.1880     199297.8750     571339.6880
POLYGON   
    3    3    0    0         45.0000
     199012.7810     571197.1880     199060.2970     571229.6880
     199102.8280     571259.6880
POLYGON   
    2    3    0    0         45.0000
     198980.2660     571174.6880     199012.7810     571197.1880
POLYGON   
    3    3    0    0         43.0000
     198830.2190     571122.1880     198912.6720     571142.5000
     198957.7500     571159.6880
POLYGON   
    4    3    0    0         41.0000
     198665.1880     571079.6880     198680.2030     571084.6880
     198745.2030     571099.6880     198807.7190     571119.6880
POLYGON   
    3    3    0    0         39.0000
     198510.1560     571034.6880     198550.1720     571054.6880
     198585.1880     571069.6880
POLYGON   
    2    3    0    0         37.0000
     198487.6560     571019.6880     198465.1410     571007.1880
POLYGON   
    3    3    0    0         37.0000
     198375.1090     570964.7500     198402.6250     570974.7500
     198465.1410     571007.1880
POLYGON   
    6    3    0    0         35.0000
     198265.0470     570864.7500     198270.0470     570864.7500
     198295.0630     570884.7500     198317.5940     570929.7500
     198332.5940     570944.7500     198352.6090     570952.2500
POLYGON   
    3    3    0    0         31.0000
     198092.5630     570882.2500     198077.5630     570892.1880
     198040.0780     570909.6880
POLYGON   
    5    3    0    0         33.0000
     198117.5470     570867.2500     198135.0310     570857.2500
     198172.5310     570844.7500     198210.0310     570847.2500
     198240.0310     570854.7500
POINT     
    8    3     181724.7970     572791.3130          0.0000          0.0000
POINT     
    6    3     186631.9220     571745.1250          0.0000          0.0000
TEXT      
    7   18    0    0    1     187416.5630     571732.6880          0.0000
   10
AN OBJECT                               
TEXT      
    7   18    0    0    1     187541.1090     574460.2500          0.0000
    8
AN AREA.                                
POLYGON   
    5    2    0    0          0.0000
     186071.4690     574572.3130     187071.4690     574572.3130
     187071.4690     573572.3130     186071.4690     573572.3130
     186071.4690     574572.3130
TEXT      
    7   18    0    0    1     183393.7190     572766.3750          0.0000
   12
SYMBOL-TEXT                             
TEXT      
    7   18    0    0    1     181724.7970     572791.3130          0.0000
    8
A  TREE                                 
TEXT      
    7   18    0    0    1     180765.7810     573277.0630         90.0000
   14
TEST AREA.....                          
POLYGON   
    2    2    0    0          0.0000
     180840.5160     573152.5000     180828.0630     575033.1250
TEXT      
    7   18    0    0    1     182434.7030     574211.1250          0.0000
   14
MULTI-SYMBOL.                           
TEXT      
    7   18    0    0    1     182459.6090     575568.6880          0.0000
    6
SYMBOL                                  
POINT     
    8    3     181749.7030     575655.8750          0.0000          0.0000
TEXT      
    7   18    0    0    1     182484.5310     576652.2500          0.0000
   12
MULTI-POINT                             
POINT     
    3    1     181787.0630     577586.3750          0.0000          0.0000
TEXT      
    7   18    0    0    1     181911.6090     577568.2500          0.0000
    8
A POINT.                                
TEXT      
    7   18    0    0    1     186382.8280     576129.1880          0.0000
   12
A MULTI-ARC                             
ARC       
    4    0    7          0.0000
     187189.1560     576357.8750       1012.3420         43.1927         46.8878
ARC       
    4    0    7          0.0000
     187189.1880     576343.8750       1026.3150         90.0806         46.3498
ARC       
    4    0    7          0.0000
     187358.3910     576516.8130        780.2180        355.2046         47.9878
ARC       
    4    0    7          0.0000
     187237.0310     576527.0630        902.0220        313.0605         42.1440
ARC       
    4    0    7          0.0000
     186583.6410     577227.1250       1859.6540        274.4035         38.6569
ARC       
    4    0    7          0.0000
     186644.1720     576434.5630       1064.7550        211.4560         62.9474
ARC       
    4    0    7          0.0000
     186112.5630     576246.6880        526.1440        183.4693         40.7756
ARC       
    4    0    7          0.0000
     186037.6880     576242.2500        451.1220        136.4944         46.9759
ARC       
    4    0    7          0.0000
     185903.2810     576369.6880        265.9280         45.1413         91.3560
ARC       
    4    0    7          0.0000
     186277.0940     576745.3750        264.0610        225.2172         91.7542
ARC       
    4    0    7          0.0000
     186346.5000     576680.5000        169.0530        316.9798         92.1831
ARC       
    4    0    7          0.0000
     186566.6720     576935.3130        167.6740        136.4365         92.8098
TEXT      
    7   18    0    0    1     186619.4690     578258.9380          0.0000
    4
  A                                     
TEXT      
    7   18    0    0    1     186619.4690     577898.9380          0.0000
    8
3-POINT                                 
TEXT      
    7   18    0    0    1     186619.4690     577538.9380          0.0000
    4
 ARC                                    
ARC       
    4    0    7          0.0000
     187008.5160     577980.3750        752.9000        332.8290        235.5208
POLYGON   
    2    2    0    0          0.0000
     182820.7970     578769.5630     185374.0000     578769.5630
TEXT      
    7   18    0    0    1     183181.9840     578856.7500          0.0000
   14
TEST AREA.....                          
POLYGON   
    5    1    0    0          0.0000
     180280.0470     570225.6250     180205.3280     579778.3750
     189733.1410     579741.0000     189733.1410     570250.5630
     180280.0470     570225.6250
POINT     
    6    5     190000.0000     580000.0000          0.0000          0.0000
POLYGON   
    5    2    0    0          0.0000
     200230.3440     559590.0000     200230.3440     580205.9380
     179670.8590     580375.3750     179783.8120     559646.4370
     200230.3440     559590.0000
EOS       
EOI       
