NF 1 1
FS 1 0 0 0
AC 1 0 "M001"
CB FL 0
   GT 1
   NR 115
   NC 6
   HC 91 92 93 2001 2002 2003
   DA   5571.1909   4809.0991     52.8246      5.6537      1.6639   2040.0000
        5575.5181   4808.6904     52.9221     10.0000      1.6660   2040.0000
        5585.4702   4807.7158     53.1424     20.0000      1.6709   2040.0000
        5595.4180   4806.6919     53.3573     30.0000      1.6758   2040.0000
        5605.3604   4805.6196     53.5666     40.0000      1.6807   2040.0000
        5615.2969   4804.4985     53.7704     50.0000      1.6856   2040.0000
        5625.2285   4803.3286     53.9688     60.0000      1.6905   2040.0000
        5635.1538   4802.1099     54.1616     70.0000      1.6954   2040.0000
        5645.0732   4800.8428     54.3490     80.0000      1.7003   2040.0000
        5654.9863   4799.5269     54.5308     90.0000      1.7052   2040.0000
        5664.8926   4798.1626     54.7072    100.0000      1.7101   2040.0000
        5674.7925   4796.7500     54.8781    110.0000      1.7150   2040.0000
        5684.6851   4795.2886     55.0435    120.0000      1.7199   2040.0000
        5694.5703   4793.7783     55.2034    130.0000      1.7248   2040.0000
        5704.4482   4792.2202     55.3577    140.0000      1.7297   2040.0000
        5714.3184   4790.6133     55.5066    150.0000      1.7346   2040.0000
        5724.1807   4788.9585     55.6500    160.0000      1.7395   2040.0000
        5734.0342   4787.2549     55.7879    170.0000      1.7444   2040.0000
        5743.8799   4785.5034     55.9204    180.0000      1.7493   2040.0000
        5753.7163   4783.7031     56.0473    190.0000      1.7542   2040.0000
        5763.5439   4781.8555     56.1687    200.0000      1.7591   2040.0000
        5773.3628   4779.9590     56.2846    210.0000      1.7640   2040.0000
        5783.1719   4778.0146     56.3951    220.0000      1.7689   2040.0000
        5792.9712   4776.0220     56.5000    230.0000      1.7738   2040.0000
        5802.7607   4773.9814     56.5994    240.0000      1.7787   2040.0000
        5812.5405   4771.8931     56.6934    250.0000      1.7836   2040.0000
        5822.3096   4769.7568     56.7819    260.0000      1.7885   2040.0000
        5832.0679   4767.5728     56.8648    270.0000      1.7934   2040.0000
        5841.8159   4765.3408     56.9423    280.0000      1.7983   2040.0000
        5851.5522   4763.0610     57.0143    290.0000      1.8032   2040.0000
        5861.2778   4760.7334     57.0807    300.0000      1.8081   2040.0000
        5870.9917   4758.3584     57.1417    310.0000      1.8131   2040.0000
        5880.6938   4755.9355     57.1972    320.0000      1.8180   2040.0000
        5890.3838   4753.4653     57.2472    330.0000      1.8229   2040.0000
        5900.0615   4750.9478     57.2917    340.0000      1.8278   2040.0000
        5909.7271   4748.3828     57.3307    350.0000      1.8327   2040.0000
        5919.3799   4745.7700     57.3673    360.0000      1.8376   2040.0000
        5929.0195   4743.1104     57.4258    370.0000      1.8425   2040.0000
        5938.6460   4740.4033     57.5113    380.0000      1.8474   2040.0000
        5948.2593   4737.6494     57.6239    390.0000      1.8523   2040.0000
        5957.8589   4734.8481     57.7635    400.0000      1.8572   2040.0000
        5967.4448   4732.0000     57.9301    410.0000      1.8621   2040.0000
        5977.0166   4729.1050     58.1238    420.0000      1.8670   2040.0000
        5986.5737   4726.1626     58.3444    430.0000      1.8719   2040.0000
        5996.1167   4723.1738     58.5784    440.0000      1.8768   2040.0000
        6005.3936   4720.2187     58.8023    449.7361      1.8815   2040.0000
        6005.6450   4720.1382     58.8084    450.0000      1.8817   2044.9281
        6015.1582   4717.0566     59.0344    460.0000      1.8863   2250.9949
        6024.6577   4713.9326     59.2565    470.0000      1.8906   2503.2466
        6034.1450   4710.7710     59.4746    480.0000      1.8943   2819.1689
        6043.6206   4707.5757     59.6888    490.0000      1.8977   3226.3508
        6053.0864   4704.3511     59.8990    500.0000      1.9005   3771.0103
        6062.5435   4701.1016     60.1053    510.0000      1.9030   4536.9136
        6071.9937   4697.8306     60.3076    520.0000      1.9049   5693.2241
        6081.4380   4694.5435     60.5059    530.0000      1.9065   7640.5493
        6090.8779   4691.2441     60.7003    540.0000      1.9076  11612.5303
        6100.3149   4687.9365     60.8907    550.0000      1.9082  24185.4883
        6109.0298   4684.8779     61.0630    559.2361      1.9084 999999.8750
        6109.7510   4684.6250     61.0771    560.0000      1.9084 999999.8750
        6119.1865   4681.3125     61.2596    570.0000      1.9084 999999.8750
        6128.6221   4678.0005     61.4382    580.0000      1.9084 999999.8750
        6138.0576   4674.6885     61.6128    590.0000      1.9084 999999.8750
        6147.4932   4671.3760     61.7834    600.0000      1.9084 999999.8750
        6156.9287   4668.0640     61.9492    610.0000      1.9084 999999.8750
        6166.3643   4664.7520     62.1096    620.0000      1.9084 999999.8750
        6175.7998   4661.4399     62.2645    630.0000      1.9084 999999.8750
        6185.2354   4658.1274     62.4139    640.0000      1.9084 999999.8750
        6194.6709   4654.8154     62.5579    650.0000      1.9084 999999.8750
        6204.1064   4651.5034     62.6963    660.0000      1.9084 999999.8750
        6213.5420   4648.1914     62.8293    670.0000      1.9084 999999.8750
        6222.9775   4644.8789     62.9568    680.0000      1.9084 999999.8750
        6232.4131   4641.5669     63.0788    690.0000      1.9084 999999.8750
        6241.8486   4638.2549     63.1953    700.0000      1.9084 999999.8750
        6251.2842   4634.9429     63.3064    710.0000      1.9084 999999.8750
        6260.7197   4631.6304     63.4119    720.0000      1.9084 999999.8750
        6270.1553   4628.3184     63.5120    730.0000      1.9084 999999.8750
        6279.5908   4625.0063     63.6066    740.0000      1.9084 999999.8750
        6289.0264   4621.6938     63.6985    750.0000      1.9084 999999.8750
        6298.4619   4618.3818     63.7878    760.0000      1.9084 999999.8750
        6307.8975   4615.0698     63.8717    770.0000      1.9084 999999.8750
        6317.3330   4611.7578     63.9500    780.0000      1.9084 999999.8750
        6326.7686   4608.4453     64.0229    790.0000      1.9084 999999.8750
        6336.2041   4605.1333     64.0903    800.0000      1.9084 999999.8750
        6345.6396   4601.8213     64.1522    810.0000      1.9084 999999.8750
        6355.0752   4598.5093     64.2086    820.0000      1.9084 999999.8750
        6364.5107   4595.1968     64.2595    830.0000      1.9084 999999.8750
        6373.9463   4591.8848     64.3048    840.0000      1.9084 999999.8750
        6383.3818   4588.5728     64.3448    850.0000      1.9084 999999.8750
        6392.8174   4585.2607     64.3792    860.0000      1.9084 999999.8750
        6402.2529   4581.9482     64.4081    870.0000      1.9084 999999.8750
        6411.6885   4578.6362     64.4315    880.0000      1.9084 999999.8750
        6421.1240   4575.3242     64.4494    890.0000      1.9084 999999.8750
        6428.4790   4572.7422     64.4596    897.7947      1.9084 999999.8750
        6430.5596   4572.0117     64.4619    900.0000      1.9084 -114476.0859
        6439.9956   4568.7012     64.4688    910.0000      1.9081 -20683.6992
        6449.4331   4565.3945     64.4703    920.0000      1.9074 -11368.9258
        6458.8735   4562.0962     64.4662    930.0000      1.9063  -7838.7808
        6468.3184   4558.8101     64.4567    940.0000      1.9049  -5981.4814
        6477.7686   4555.5400     64.4416    950.0000      1.9030  -4835.7192
        6487.2251   4552.2891     64.4211    960.0000      1.9007  -4058.3381
        6496.6899   4549.0615     64.3951    970.0000      1.8981  -3496.2825
        6506.1641   4545.8613     64.3635    980.0000      1.8950  -3070.9712
        6515.6484   4542.6919     64.3265    990.0000      1.8915  -2737.9131
        6525.1445   4539.5571     64.2850   1000.0000      1.8877  -2470.0293
        6534.6528   4536.4604     64.2432   1010.0000      1.8835  -2249.8945
        6544.1753   4533.4067     64.2013   1020.0000      1.8788  -2065.7866
        6553.7124   4530.3984     64.1594   1030.0000      1.8738  -1909.5306
        6563.2646   4527.4409     64.1175   1040.0000      1.8683  -1775.2507
        6572.8335   4524.5366     64.0756   1050.0000      1.8625  -1658.6155
        6582.4199   4521.6904     64.0337   1060.0000      1.8563  -1556.3613
        6592.0244   4518.9058     63.9917   1070.0000      1.8497  -1465.9830
        6601.6475   4516.1865     63.9473   1080.0000      1.8426  -1385.5253
        6611.2900   4513.5366     63.8997   1090.0000      1.8352  -1313.4396
        6620.9526   4510.9609     63.8490   1100.0000      1.8274  -1248.4838
        6626.2520   4509.5933     63.8195   1105.4731      1.8233 999999.8750
